-0.097 286.6458333333
-0.104 286.6666666667
-0.109 286.6875
-0.112 286.7083333333
-0.117 286.7291666667
-0.121 286.75
-0.123 286.7708333333
-0.127 286.7916666667
-0.128 286.8125
-0.136 286.8333333333
-0.137 286.8541666667
-0.132 286.875
-0.113 286.8958333333
-0.003 286.9166666667
0.049 286.9375
0.03 286.9583333333
-0.023 286.9791666667
-0.054 287
-0.069 287.0208333333
-0.076 287.0416666667
-0.084 287.0625
-0.094 287.0833333333
-0.104 287.1041666667
-0.117 287.125
-0.127 287.1458333333
-0.134 287.1666666667
-0.141 287.1875
-0.148 287.2083333333
-0.147 287.2291666667
-0.151 287.25
-0.155 287.2708333333
-0.151 287.2916666667
-0.155 287.3125
-0.154 287.3333333333
-0.15 287.3541666667
-0.145 287.375
0.113 287.3958333333
0.254 287.4166666667
0.407 287.4375
0.547 287.4583333333
0.58 287.4791666667
0.499 287.5
0.371 287.5208333333
0.246 287.5416666667
0.127 287.5625
-0.021 287.5833333333
-0.041 287.6041666667
-0.055 287.625
-0.067 287.6458333333
-0.076 287.6666666667
-0.083 287.6875
-0.089 287.7083333333
-0.094 287.7291666667
-0.1 287.75
-0.105 287.7708333333
-0.109 287.7916666667
-0.111 287.8125
-0.118 287.8333333333
-0.124 287.8541666667
-0.128 287.875
-0.129 287.8958333333
0.006 287.9166666667
0.129 287.9375
0.246 287.9583333333
0.326 287.9791666667
0.3 288
0.209 288.0208333333
0.117 288.0416666667
-0.017 288.0625
-0.048 288.0833333333
-0.065 288.1041666667
-0.074 288.125
-0.084 288.1458333333
-0.091 288.1666666667
-0.098 288.1875
-0.104 288.2083333333
-0.105 288.2291666667
-0.11 288.25
-0.114 288.2708333333
-0.117 288.2916666667
-0.12 288.3125
-0.124 288.3333333333
-0.126 288.3541666667
-0.133 288.375
-0.133 288.3958333333
0.089 288.4166666667
0.261 288.4375
0.466 288.4583333333
0.639 288.4791666667
0.697 288.5
0.617 288.5208333333
0.479 288.5416666667
0.337 288.5625
0.198 288.5833333333
0.067 288.6041666667
-0.041 288.625
-0.059 288.6458333333
-0.069 288.6666666667
-0.08 288.6875
-0.088 288.7083333333
-0.094 288.7291666667
-0.095 288.75
-0.099 288.7708333333
-0.101 288.7916666667
-0.105 288.8125
-0.107 288.8333333333
-0.11 288.8541666667
-0.112 288.875
-0.114 288.8958333333
-0.113 288.9166666667
0.059 288.9375
0.225 288.9583333333
0.403 288.9791666667
0.553 289
0.588 289.0208333333
0.514 289.0416666667
0.398 289.0625
0.27 289.0833333333
0.145 289.1041666667
-0.014 289.125
-0.025 289.1458333333
-0.04 289.1666666667
-0.045 289.1875
-0.051 289.2083333333
-0.055 289.2291666667
-0.06 289.25
-0.062 289.2708333333
-0.064 289.2916666667
-0.065 289.3125
-0.065 289.3333333333
-0.068 289.3541666667
-0.07 289.375
-0.077 289.3958333333
-0.081 289.4166666667
0.037 289.4375
0.23 289.4583333333
0.424 289.4791666667
0.615 289.5
0.717 289.5208333333
0.665 289.5416666667
0.524 289.5625
0.375 289.5833333333
0.234 289.6041666667
0.101 289.625
-0.004 289.6458333333
-0.023 289.6666666667
-0.035 289.6875
-0.047 289.7083333333
-0.052 289.7291666667
-0.057 289.75
-0.065 289.7708333333
-0.066 289.7916666667
-0.071 289.8125
-0.075 289.8333333333
-0.078 289.8541666667
-0.083 289.875
-0.084 289.8958333333
-0.088 289.9166666667
-0.09 289.9375
0.031 289.9583333333
0.239 289.9791666667
0.456 290
0.665 290.0208333333
0.765 290.0416666667
0.719 290.0625
0.586 290.0833333333
0.443 290.1041666667
0.3 290.125
0.163 290.1458333333
-0.002 290.1666666667
-0.015 290.1875
-0.026 290.2083333333
-0.035 290.2291666667
-0.039 290.25
-0.045 290.2708333333
-0.05 290.2916666667
-0.055 290.3125
-0.057 290.3333333333
-0.062 290.3541666667
-0.066 290.375
-0.07 290.3958333333
-0.078 290.4166666667
-0.083 290.4375
-0.08 290.4583333333
0.172 290.4791666667
0.354 290.5
0.543 290.5208333333
0.645 290.5416666667
0.589 290.5625
0.45 290.5833333333
0.311 290.6041666667
0.177 290.625
0.036 290.6458333333
-0.033 290.6666666667
-0.051 290.6875
-0.061 290.7083333333
-0.071 290.7291666667
-0.072 290.75
-0.078 290.7708333333
-0.084 290.7916666667
-0.09 290.8125
-0.095 290.8333333333
-0.1 290.8541666667
-0.105 290.875
-0.108 290.8958333333
-0.113 290.9166666667
-0.117 290.9375
-0.123 290.9583333333
0.022 290.9791666667
0.245 291
0.503 291.0208333333
0.75 291.0416666667
0.881 291.0625
0.844 291.0833333333
0.697 291.1041666667
0.537 291.125
0.384 291.1458333333
0.237 291.1666666667
0.106 291.1875
-0.013 291.2083333333
-0.035 291.2291666667
-0.047 291.25
-0.051 291.2708333333
-0.056 291.2916666667
-0.058 291.3125
-0.061 291.3333333333
-0.062 291.3541666667
-0.071 291.375
-0.074 291.3958333333
-0.078 291.4166666667
-0.084 291.4375
-0.09 291.4583333333
-0.083 291.4791666667
0.149 291.5
0.317 291.5208333333
0.49 291.5416666667
0.601 291.5625
0.555 291.5833333333
0.416 291.6041666667
0.276 291.625
0.145 291.6458333333
-0.009 291.6666666667
-0.039 291.6875
-0.056 291.7083333333
-0.062 291.7291666667
-0.069 291.75
-0.075 291.7708333333
-0.072 291.7916666667
-0.077 291.8125
-0.08 291.8333333333
-0.086 291.8541666667
-0.09 291.875
-0.092 291.8958333333
-0.098 291.9166666667
-0.103 291.9375
-0.108 291.9583333333
-0.111 291.9791666667
-0.093 292
0.22 292.0208333333
0.48 292.0416666667
0.745 292.0625
0.899 292.0833333333
0.888 292.1041666667
0.749 292.125
0.586 292.1458333333
0.435 292.1666666667
0.283 292.1875
0.147 292.2083333333
-0.015 292.2291666667
-0.028 292.25
-0.039 292.2708333333
-0.045 292.2916666667
-0.049 292.3125
-0.053 292.3333333333
-0.055 292.3541666667
-0.059 292.375
-0.061 292.3958333333
-0.068 292.4166666667
-0.074 292.4375
-0.078 292.4583333333
-0.085 292.4791666667
-0.088 292.5
0.09 292.5208333333
0.224 292.5416666667
0.365 292.5625
0.442 292.5833333333
0.401 292.6041666667
0.284 292.625
0.162 292.6458333333
0.022 292.6666666667
-0.034 292.6875
-0.052 292.7083333333
-0.059 292.7291666667
-0.066 292.75
-0.071 292.7708333333
-0.076 292.7916666667
-0.078 292.8125
-0.084 292.8333333333
-0.087 292.8541666667
-0.091 292.875
-0.097 292.8958333333
-0.1 292.9166666667
-0.105 292.9375
-0.111 292.9583333333
-0.117 292.9791666667
-0.122 293
-0.116 293.0208333333
0.18 293.0416666667
0.415 293.0625
0.664 293.0833333333
0.814 293.1041666667
0.809 293.125
0.68 293.1458333333
0.531 293.1666666667
0.387 293.1875
0.247 293.2083333333
0.114 293.2291666667
-0.028 293.25
-0.044 293.2708333333
-0.051 293.2916666667
-0.056 293.3125
-0.061 293.3333333333
-0.065 293.3541666667
-0.065 293.375
-0.073 293.3958333333
-0.079 293.4166666667
-0.089 293.4375
-0.094 293.4583333333
-0.102 293.4791666667
-0.108 293.5
-0.113 293.5208333333
0.032 293.5416666667
0.151 293.5625
0.255 293.5833333333
0.32 293.6041666667
0.275 293.625
0.169 293.6458333333
0.048 293.6666666667
-0.049 293.6875
-0.067 293.7083333333
-0.079 293.7291666667
-0.087 293.75
-0.095 293.7708333333
-0.098 293.7916666667
-0.105 293.8125
-0.107 293.8333333333
-0.112 293.8541666667
-0.117 293.875
-0.121 293.8958333333
-0.123 293.9166666667
-0.127 293.9375
-0.133 293.9583333333
-0.135 293.9791666667
-0.14 294
-0.141 294.0208333333
-0.14 294.0416666667
0.109 294.0625
0.296 294.0833333333
0.513 294.1041666667
0.681 294.125
0.709 294.1458333333
0.609 294.1666666667
0.467 294.1875
0.329 294.2083333333
0.192 294.2291666667
0.066 294.25
-0.029 294.2708333333
-0.047 294.2916666667
-0.054 294.3125
-0.059 294.3333333333
-0.066 294.3541666667
-0.068 294.375
-0.073 294.3958333333
-0.079 294.4166666667
-0.085 294.4375
-0.09 294.4583333333
-0.101 294.4791666667
-0.109 294.5
-0.116 294.5208333333
-0.121 294.5416666667
-0.096 294.5625
0.043 294.5833333333
0.115 294.6041666667
0.145 294.625
0.095 294.6458333333
-0.037 294.6666666667
-0.06 294.6875
-0.072 294.7083333333
-0.078 294.7291666667
-0.088 294.75
-0.094 294.7708333333
-0.099 294.7916666667
-0.103 294.8125
-0.105 294.8333333333
-0.109 294.8541666667
-0.111 294.875
-0.115 294.8958333333
-0.121 294.9166666667
-0.122 294.9375
-0.129 294.9583333333
-0.134 294.9791666667
-0.138 295
-0.139 295.0208333333
-0.143 295.0416666667
-0.143 295.0625
0.033 295.0833333333
0.193 295.1041666667
0.345 295.125
0.472 295.1458333333
0.514 295.1666666667
0.449 295.1875
0.333 295.2083333333
0.216 295.2291666667
0.108 295.25
-0.021 295.2708333333
-0.04 295.2916666667
-0.048 295.3125
-0.055 295.3333333333
-0.062 295.3541666667
-0.07 295.375
-0.074 295.3958333333
-0.081 295.4166666667
-0.085 295.4375
-0.093 295.4583333333
-0.101 295.4791666667
-0.11 295.5
-0.122 295.5208333333
-0.128 295.5416666667
-0.136 295.5625
-0.136 295.5833333333
-0.103 295.6041666667
-0.021 295.625
-0.047 295.6458333333
-0.081 295.6666666667
-0.105 295.6875
-0.119 295.7083333333
-0.131 295.7291666667
-0.137 295.75
-0.145 295.7708333333
-0.153 295.7916666667
-0.158 295.8125
-0.16 295.8333333333
-0.162 295.8541666667
-0.166 295.875
-0.168 295.8958333333
-0.169 295.9166666667
-0.172 295.9375
-0.178 295.9583333333
-0.182 295.9791666667
-0.185 296
-0.188 296.0208333333
-0.194 296.0416666667
-0.197 296.0625
-0.195 296.0833333333
-0.182 296.1041666667
0.06 296.125
0.178 296.1458333333
0.286 296.1666666667
0.339 296.1875
0.276 296.2083333333
0.185 296.2291666667
0.093 296.25
-0.031 296.2708333333
-0.058 296.2916666667
-0.069 296.3125
-0.075 296.3333333333
-0.086 296.3541666667
-0.092 296.375
-0.096 296.3958333333
-0.099 296.4166666667
-0.105 296.4375
-0.111 296.4583333333
-0.121 296.4791666667
-0.132 296.5
-0.14 296.5208333333
-0.151 296.5416666667
-0.158 296.5625
-0.161 296.5833333333
-0.164 296.6041666667
-0.166 296.625
-0.157 296.6458333333
-0.155 296.6666666667
-0.163 296.6875
-0.171 296.7083333333
-0.177 296.7291666667
-0.18 296.75
-0.186 296.7708333333
-0.189 296.7916666667
-0.189 296.8125
-0.191 296.8333333333
-0.194 296.8541666667
-0.195 296.875
-0.196 296.8958333333
-0.198 296.9166666667
-0.203 296.9375
-0.206 296.9583333333
-0.209 296.9791666667
-0.211 297
-0.214 297.0208333333
-0.217 297.0416666667
-0.218 297.0625
-0.221 297.0833333333
-0.226 297.1041666667
-0.223 297.125
-0.142 297.1458333333
0.059 297.1666666667
0.139 297.1875
0.187 297.2083333333
0.149 297.2291666667
0.08 297.25
-0.018 297.2708333333
-0.044 297.2916666667
-0.062 297.3125
-0.067 297.3333333333
-0.071 297.3541666667
-0.074 297.375
-0.08 297.3958333333
-0.088 297.4166666667
-0.096 297.4375
-0.105 297.4583333333
-0.114 297.4791666667
-0.126 297.5
-0.138 297.5208333333
-0.15 297.5416666667
-0.156 297.5625
-0.162 297.5833333333
-0.165 297.6041666667
-0.167 297.625
-0.165 297.6458333333
-0.169 297.6666666667
-0.171 297.6875
-0.173 297.7083333333
-0.173 297.7291666667
-0.175 297.75
-0.177 297.7708333333
-0.177 297.7916666667
-0.178 297.8125
-0.18 297.8333333333
-0.182 297.8541666667
-0.186 297.875
-0.185 297.8958333333
-0.186 297.9166666667
-0.188 297.9375
-0.192 297.9583333333
-0.194 297.9791666667
-0.198 298
-0.204 298.0208333333
-0.206 298.0416666667
-0.208 298.0625
-0.211 298.0833333333
-0.214 298.1041666667
-0.213 298.125
-0.213 298.1458333333
-0.208 298.1666666667
-0.192 298.1875
-0.15 298.2083333333
-0.109 298.2291666667
-0.07 298.25
-0.078 298.2708333333
-0.098 298.2916666667
-0.111 298.3125
-0.12 298.3333333333
-0.126 298.3541666667
-0.128 298.375
-0.132 298.3958333333
-0.139 298.4166666667
-0.145 298.4375
-0.156 298.4583333333
-0.167 298.4791666667
-0.172 298.5
-0.184 298.5208333333
-0.195 298.5416666667
-0.206 298.5625
-0.214 298.5833333333
-0.218 298.6041666667
-0.22 298.625
-0.223 298.6458333333
-0.225 298.6666666667
-0.227 298.6875
-0.227 298.7083333333
-0.229 298.7291666667
-0.227 298.75
-0.227 298.7708333333
-0.23 298.7916666667
-0.232 298.8125
-0.231 298.8333333333
-0.231 298.8541666667
-0.236 298.875
-0.235 298.8958333333
-0.235 298.9166666667
-0.237 298.9375
-0.238 298.9583333333
-0.242 298.9791666667
-0.247 299
-0.248 299.0208333333
-0.252 299.0416666667
-0.25 299.0625
-0.253 299.0833333333
-0.256 299.1041666667
-0.256 299.125
-0.256 299.1458333333
-0.26 299.1666666667
-0.259 299.1875
-0.249 299.2083333333
-0.241 299.2291666667
-0.232 299.25
-0.221 299.2708333333
-0.201 299.2916666667
-0.189 299.3125
-0.183 299.3333333333
-0.183 299.3541666667
-0.181 299.375
-0.183 299.3958333333
-0.189 299.4166666667
-0.196 299.4375
-0.206 299.4583333333
-0.212 299.4791666667
-0.223 299.5
-0.236 299.5208333333
-0.248 299.5416666667
-0.26 299.5625
-0.253 299.5833333333
-0.267 299.6041666667
-0.276 299.625
-0.274 299.6458333333
-0.15 299.6666666667
-0.17 299.6875
-0.17 299.7083333333
-0.174 299.7291666667
-0.174 299.75
-0.176 299.7708333333
-0.176 299.7916666667
-0.176 299.8125
-0.179 299.8333333333
-0.18 299.8541666667
-0.182 299.875
-0.184 299.8958333333
-0.182 299.9166666667
-0.187 299.9375
-0.189 299.9583333333
-0.192 299.9791666667
-0.196 300
-0.201 300.0208333333
-0.203 300.0416666667
-0.208 300.0625
-0.209 300.0833333333
-0.215 300.1041666667
-0.218 300.125
-0.216 300.1458333333
-0.221 300.1666666667
-0.223 300.1875
-0.223 300.2083333333
-0.223 300.2291666667
-0.219 300.25
-0.214 300.2708333333
-0.204 300.2916666667
-0.191 300.3125
-0.18 300.3333333333
-0.153 300.3541666667
-0.111 300.375
-0.103 300.3958333333
-0.1 300.4166666667
-0.102 300.4375
-0.098 300.4583333333
-0.112 300.4791666667
-0.123 300.5
-0.14 300.5208333333
-0.154 300.5416666667
-0.168 300.5625
-0.185 300.5833333333
-0.197 300.6041666667
-0.209 300.625
-0.22 300.6458333333
-0.229 300.6666666667
-0.235 300.6875
-0.242 300.7083333333
-0.248 300.7291666667
-0.251 300.75
-0.249 300.7708333333
-0.249 300.7916666667
-0.251 300.8125
-0.251 300.8333333333
-0.251 300.8541666667
-0.248 300.875
-0.245 300.8958333333
-0.243 300.9166666667
-0.243 300.9375
-0.243 300.9583333333
-0.242 300.9791666667
-0.245 301
-0.249 301.0208333333
-0.249 301.0416666667
-0.253 301.0625
-0.254 301.0833333333
-0.254 301.1041666667
-0.258 301.125
-0.259 301.1458333333
-0.259 301.1666666667
-0.258 301.1875
-0.258 301.2083333333
-0.257 301.2291666667
-0.255 301.25
-0.253 301.2708333333
-0.243 301.2916666667
-0.234 301.3125
-0.223 301.3333333333
-0.206 301.3541666667
-0.165 301.375
-0.036 301.3958333333
0.129 301.4166666667
0.121 301.4375
0.037 301.4583333333
0.01 301.4791666667
-0.008 301.5
-0.03 301.5208333333
-0.046 301.5416666667
-0.064 301.5625
-0.082 301.5833333333
-0.093 301.6041666667
-0.104 301.625
-0.118 301.6458333333
-0.124 301.6666666667
-0.13 301.6875
-0.139 301.7083333333
-0.143 301.7291666667
-0.149 301.75
-0.157 301.7708333333
-0.159 301.7916666667
-0.163 301.8125
-0.164 301.8333333333
-0.164 301.8541666667
-0.165 301.875
-0.163 301.8958333333
-0.16 301.9166666667
-0.155 301.9375
-0.154 301.9583333333
-0.155 301.9791666667
-0.156 302
-0.16 302.0208333333
-0.163 302.0416666667
-0.166 302.0625
-0.172 302.0833333333
-0.181 302.1041666667
-0.189 302.125
-0.194 302.1458333333
-0.196 302.1666666667
-0.201 302.1875
-0.201 302.2083333333
-0.206 302.2291666667
-0.206 302.25
-0.207 302.2708333333
-0.209 302.2916666667
-0.209 302.3125
-0.206 302.3333333333
-0.198 302.3541666667
-0.178 302.375
0.109 302.3958333333
0.189 302.4166666667
0.24 302.4375
0.251 302.4583333333
0.229 302.4791666667
0.132 302.5
0.066 302.5208333333
0.042 302.5416666667
0.027 302.5625
0.015 302.5833333333
0.008 302.6041666667
-0.002 302.625
-0.009 302.6458333333
-0.016 302.6666666667
-0.026 302.6875
-0.035 302.7083333333
-0.037 302.7291666667
-0.041 302.75
-0.046 302.7708333333
-0.052 302.7916666667
-0.055 302.8125
-0.057 302.8333333333
-0.061 302.8541666667
-0.062 302.875
-0.06 302.8958333333
-0.052 302.9166666667
0.104 302.9375
0.157 302.9583333333
0.166 302.9791666667
0.086 303
0.056 303.0208333333
0.037 303.0416666667
0.028 303.0625
0.017 303.0833333333
0.008 303.1041666667
-0.006 303.125
-0.016 303.1458333333
-0.026 303.1666666667
-0.033 303.1875
-0.041 303.2083333333
-0.048 303.2291666667
-0.05 303.25
-0.055 303.2708333333
-0.057 303.2916666667
-0.059 303.3125
-0.062 303.3333333333
-0.06 303.3541666667
-0.056 303.375
-0.04 303.3958333333
0.19 303.4166666667
0.29 303.4375
0.372 303.4583333333
0.407 303.4791666667
0.364 303.5
0.283 303.5208333333
0.174 303.5416666667
0.078 303.5625
0.059 303.5833333333
0.045 303.6041666667
0.038 303.625
0.031 303.6458333333
0.022 303.6666666667
0.016 303.6875
0.011 303.7083333333
0.004 303.7291666667
-0.002 303.75
-0.006 303.7708333333
-0.01 303.7916666667
-0.013 303.8125
-0.017 303.8333333333
-0.018 303.8541666667
-0.021 303.875
-0.021 303.8958333333
-0.021 303.9166666667
0.133 303.9375
0.262 303.9583333333
0.368 303.9791666667
0.45 304
0.455 304.0208333333
0.379 304.0416666667
0.278 304.0625
0.134 304.0833333333
0.096 304.1041666667
0.082 304.125
0.07 304.1458333333
0.063 304.1666666667
0.055 304.1875
0.05 304.2083333333
0.048 304.2291666667
0.044 304.25
0.041 304.2708333333
0.031 304.2916666667
0.027 304.3125
0.024 304.3333333333
0.017 304.3541666667
0.015 304.375
0.013 304.3958333333
0.013 304.4166666667
0.194 304.4375
0.315 304.4583333333
0.425 304.4791666667
0.485 304.5
0.438 304.5208333333
0.324 304.5416666667
0.203 304.5625
0.099 304.5833333333
0.079 304.6041666667
0.064 304.625
0.056 304.6458333333
0.046 304.6666666667
0.039 304.6875
0.029 304.7083333333
0.026 304.7291666667
0.02 304.75
0.016 304.7708333333
0.01 304.7916666667
0.006 304.8125
0.004 304.8333333333
-0.001 304.8541666667
-0.002 304.875
-0.005 304.8958333333
-0.006 304.9166666667
-0.002 304.9375
0.237 304.9583333333
0.387 304.9791666667
0.544 305
0.647 305.0208333333
0.639 305.0416666667
0.534 305.0625
0.407 305.0833333333
0.286 305.1041666667
0.13 305.125
0.103 305.1458333333
0.085 305.1666666667
0.078 305.1875
0.071 305.2083333333
0.065 305.2291666667
0.06 305.25
0.055 305.2708333333
0.053 305.2916666667
0.048 305.3125
0.045 305.3333333333
0.04 305.3541666667
0.033 305.375
0.028 305.3958333333
0.022 305.4166666667
0.023 305.4375
0.226 305.4583333333
0.353 305.4791666667
0.471 305.5
0.535 305.5208333333
0.475 305.5416666667
0.358 305.5625
0.24 305.5833333333
0.098 305.6041666667
0.08 305.625
0.065 305.6458333333
0.055 305.6666666667
0.048 305.6875
0.041 305.7083333333
0.035 305.7291666667
0.029 305.75
0.023 305.7708333333
0.016 305.7916666667
0.01 305.8125
0.006 305.8333333333
0.003 305.8541666667
-0.004 305.875
-0.011 305.8958333333
-0.014 305.9166666667
-0.018 305.9375
-0.015 305.9583333333
0.295 305.9791666667
0.514 306
0.737 306.0208333333
0.875 306.0416666667
0.867 306.0625
0.743 306.0833333333
0.594 306.1041666667
0.448 306.125
0.3 306.1458333333
0.158 306.1666666667
0.075 306.1875
0.063 306.2083333333
0.053 306.2291666667
0.046 306.25
0.043 306.2708333333
0.039 306.2916666667
0.036 306.3125
0.034 306.3333333333
0.03 306.3541666667
0.027 306.375
0.023 306.3958333333
0.018 306.4166666667
0.01 306.4375
0.009 306.4583333333
0.205 306.4791666667
0.348 306.5
0.484 306.5208333333
0.569 306.5416666667
0.513 306.5625
0.386 306.5833333333
0.258 306.6041666667
0.106 306.625
0.044 306.6458333333
0.037 306.6666666667
0.027 306.6875
0.015 306.7083333333
0.011 306.7291666667
0.005 306.75
0.003 306.7708333333
-0.002 306.7916666667
-0.006 306.8125
-0.007 306.8333333333
-0.013 306.8541666667
-0.024 306.875
-0.03 306.8958333333
-0.032 306.9166666667
-0.044 306.9375
-0.041 306.9583333333
-0.047 306.9791666667
0.269 307
0.534 307.0208333333
0.819 307.0416666667
1.027 307.0625
1.063 307.0833333333
0.92 307.1041666667
0.732 307.125
0.557 307.1458333333
0.392 307.1666666667
0.242 307.1875
0.088 307.2083333333
0.036 307.2291666667
0.032 307.25
0.024 307.2708333333
0.022 307.2916666667
0.019 307.3125
0.019 307.3333333333
0.015 307.3541666667
0.013 307.375
0.009 307.3958333333
0.003 307.4166666667
-0.004 307.4375
-0.012 307.4583333333
-0.013 307.4791666667
0.182 307.5
0.324 307.5208333333
0.477 307.5416666667
0.567 307.5625
0.524 307.5833333333
0.388 307.6041666667
0.247 307.625
0.106 307.6458333333
0.017 307.6666666667
0.012 307.6875
-0.001 307.7083333333
-0.007 307.7291666667
-0.015 307.75
-0.019 307.7708333333
-0.025 307.7916666667
-0.029 307.8125
-0.035 307.8333333333
-0.04 307.8541666667
-0.042 307.875
-0.044 307.8958333333
-0.047 307.9166666667
-0.053 307.9375
-0.058 307.9583333333
-0.063 307.9791666667
-0.062 308
0.227 308.0208333333
0.502 308.0416666667
0.828 308.0625
1.075 308.0833333333
1.155 308.1041666667
1.066 308.125
0.885 308.1458333333
0.698 308.1666666667
0.514 308.1875
0.341 308.2083333333
0.199 308.2291666667
0.034 308.25
0.021 308.2708333333
0.021 308.2916666667
0.021 308.3125
0.019 308.3333333333
0.016 308.3541666667
0.016 308.375
0.014 308.3958333333
0.011 308.4166666667
0.007 308.4375
0 308.4583333333
-0.001 308.4791666667
-0.006 308.5
0.109 308.5208333333
0.248 308.5416666667
0.386 308.5625
0.506 308.5833333333
0.532 308.6041666667
0.419 308.625
0.277 308.6458333333
0.15 308.6666666667
0.016 308.6875
0.016 308.7083333333
0.012 308.7291666667
0.006 308.75
0.005 308.7708333333
0.003 308.7916666667
0.001 308.8125
0 308.8333333333
-0.004 308.8541666667
-0.004 308.875
-0.004 308.8958333333
-0.006 308.9166666667
-0.007 308.9375
-0.007 308.9583333333
-0.007 308.9791666667
-0.011 309
-0.01 309.0208333333
0.115 309.0416666667
0.361 309.0625
0.65 309.0833333333
0.943 309.1041666667
1.112 309.125
1.098 309.1458333333
0.946 309.1666666667
0.766 309.1875
0.592 309.2083333333
0.43 309.2291666667
0.285 309.25
0.138 309.2708333333
0.088 309.2916666667
0.09 309.3125
0.089 309.3333333333
0.086 309.3541666667
0.081 309.375
0.081 309.3958333333
0.079 309.4166666667
0.074 309.4375
0.068 309.4583333333
0.061 309.4791666667
0.056 309.5
0.05 309.5208333333
0.05 309.5416666667
0.14 309.5625
0.265 309.5833333333
0.36 309.6041666667
0.397 309.625
0.323 309.6458333333
0.208 309.6666666667
0.099 309.6875
0.089 309.7083333333
0.086 309.7291666667
0.079 309.75
0.073 309.7708333333
0.068 309.7916666667
0.068 309.8125
0.068 309.8333333333
0.066 309.8541666667
0.065 309.875
0.062 309.8958333333
0.06 309.9166666667
0.053 309.9375
0.053 309.9583333333
0.049 309.9791666667
0.045 310
0.041 310.0208333333
0.037 310.0416666667
0.037 310.0625
0.217 310.0833333333
0.426 310.1041666667
0.684 310.125
0.916 310.1458333333
1.014 310.1666666667
0.945 310.1875
0.78 310.2083333333
0.61 310.2291666667
0.454 310.25
0.316 310.2708333333
0.166 310.2916666667
0.128 310.3125
0.123 310.3333333333
0.118 310.3541666667
0.113 310.375
0.11 310.3958333333
0.105 310.4166666667
0.098 310.4375
0.091 310.4583333333
0.085 310.4791666667
0.076 310.5
0.067 310.5208333333
0.057 310.5416666667
0.051 310.5625
0.048 310.5833333333
0.084 310.6041666667
0.193 310.625
0.208 310.6458333333
0.188 310.6666666667
0.108 310.6875
0.092 310.7083333333
0.084 310.7291666667
0.075 310.75
0.069 310.7708333333
0.065 310.7916666667
0.061 310.8125
0.053 310.8333333333
0.05 310.8541666667
0.046 310.875
0.041 310.8958333333
0.035 310.9166666667
0.03 310.9375
0.027 310.9583333333
0.019 310.9791666667
0.013 311
0.01 311.0208333333
0.01 311.0416666667
0.005 311.0625
0.002 311.0833333333
0.001 311.1041666667
0.211 311.125
0.39 311.1458333333
0.6 311.1666666667
0.774 311.1875
0.825 311.2083333333
0.735 311.2291666667
0.603 311.25
0.47 311.2708333333
0.346 311.2916666667
0.218 311.3125
0.12 311.3333333333
0.121 311.3541666667
0.114 311.375
0.105 311.3958333333
0.1 311.4166666667
0.097 311.4375
0.088 311.4583333333
0.08 311.4791666667
0.069 311.5
0.06 311.5208333333
0.048 311.5416666667
0.04 311.5625
0.031 311.5833333333
0.025 311.6041666667
0.024 311.625
0.027 311.6458333333
0.03 311.6666666667
0.037 311.6875
0.03 311.7083333333
0.026 311.7291666667
0.023 311.75
0.018 311.7708333333
0.015 311.7916666667
0.012 311.8125
0.008 311.8333333333
0.005 311.8541666667
0.002 311.875
-0.003 311.8958333333
-0.004 311.9166666667
-0.006 311.9375
-0.009 311.9583333333
-0.01 311.9791666667
-0.015 312
-0.016 312.0208333333
-0.019 312.0416666667
-0.021 312.0625
-0.025 312.0833333333
-0.028 312.1041666667
-0.029 312.125
-0.027 312.1458333333
0.193 312.1666666667
0.341 312.1875
0.486 312.2083333333
0.602 312.2291666667
0.63 312.25
0.561 312.2708333333
0.46 312.2916666667
0.352 312.3125
0.249 312.3333333333
0.108 312.3541666667
0.107 312.375
0.099 312.3958333333
0.092 312.4166666667
0.087 312.4375
0.076 312.4583333333
0.066 312.4791666667
0.057 312.5
0.046 312.5208333333
0.034 312.5416666667
0.022 312.5625
0.013 312.5833333333
0.007 312.6041666667
-0.004 312.625
-0.008 312.6458333333
-0.016 312.6666666667
-0.016 312.6875
-0.016 312.7083333333
-0.015 312.7291666667
-0.015 312.75
-0.017 312.7708333333
-0.021 312.7916666667
-0.023 312.8125
-0.027 312.8333333333
-0.028 312.8541666667
-0.028 312.875
-0.029 312.8958333333
-0.034 312.9166666667
-0.036 312.9375
-0.035 312.9583333333
-0.04 312.9791666667
-0.041 313
-0.042 313.0208333333
-0.044 313.0416666667
-0.047 313.0625
-0.049 313.0833333333
-0.053 313.1041666667
-0.056 313.125
-0.056 313.1458333333
-0.059 313.1666666667
-0.055 313.1875
-0.035 313.2083333333
0.218 313.2291666667
0.327 313.25
0.422 313.2708333333
0.488 313.2916666667
0.476 313.3125
0.401 313.3333333333
0.304 313.3541666667
0.183 313.375
0.117 313.3958333333
0.105 313.4166666667
0.094 313.4375
0.081 313.4583333333
0.073 313.4791666667
0.061 313.5
0.05 313.5208333333
0.039 313.5416666667
0.03 313.5625
0.021 313.5833333333
0.012 313.6041666667
0.005 313.625
-0.001 313.6458333333
-0.007 313.6666666667
-0.011 313.6875
-0.017 313.7083333333
-0.019 313.7291666667
-0.019 313.75
-0.016 313.7708333333
-0.015 313.7916666667
-0.016 313.8125
-0.015 313.8333333333
-0.015 313.8541666667
-0.016 313.875
-0.016 313.8958333333
-0.018 313.9166666667
-0.023 313.9375
-0.028 313.9583333333
-0.03 313.9791666667
-0.036 314
-0.038 314.0208333333
-0.041 314.0416666667
-0.046 314.0625
-0.051 314.0833333333
-0.054 314.1041666667
-0.058 314.125
-0.06 314.1458333333
-0.061 314.1666666667
-0.064 314.1875
-0.064 314.2083333333
-0.065 314.2291666667
-0.061 314.25
-0.046 314.2708333333
0.178 314.2916666667
0.271 314.3125
0.342 314.3333333333
0.376 314.3541666667
0.343 314.375
0.276 314.3958333333
0.183 314.4166666667
0.116 314.4375
0.103 314.4583333333
0.092 314.4791666667
0.081 314.5
0.071 314.5208333333
0.059 314.5416666667
0.048 314.5625
0.036 314.5833333333
0.027 314.6041666667
0.016 314.625
0.01 314.6458333333
0.004 314.6666666667
-0.003 314.6875
-0.008 314.7083333333
-0.013 314.7291666667
-0.016 314.75
-0.016 314.7708333333
-0.019 314.7916666667
-0.02 314.8125
-0.021 314.8333333333
-0.021 314.8541666667
-0.019 314.875
-0.016 314.8958333333
-0.017 314.9166666667
-0.02 314.9375
-0.021 314.9583333333
-0.027 314.9791666667
-0.034 315
-0.039 315.0208333333
-0.047 315.0416666667
-0.05 315.0625
-0.054 315.0833333333
-0.059 315.1041666667
-0.065 315.125
-0.07 315.1458333333
-0.072 315.1666666667
-0.077 315.1875
-0.079 315.2083333333
-0.08 315.2291666667
-0.083 315.25
-0.083 315.2708333333
-0.084 315.2916666667
-0.08 315.3125
-0.062 315.3333333333
0.165 315.3541666667
0.251 315.375
0.328 315.3958333333
0.342 315.4166666667
0.283 315.4375
0.176 315.4583333333
0.093 315.4791666667
0.078 315.5
0.063 315.5208333333
0.052 315.5416666667
0.039 315.5625
0.027 315.5833333333
0.018 315.6041666667
0.011 315.625
0.004 315.6458333333
-0.003 315.6666666667
-0.007 315.6875
-0.014 315.7083333333
-0.019 315.7291666667
-0.023 315.75
-0.022 315.7708333333
-0.024 315.7916666667
-0.027 315.8125
-0.031 315.8333333333
-0.032 315.8541666667
-0.034 315.875
-0.027 315.8958333333
-0.001 315.9166666667
0.102 315.9375
0.082 315.9583333333
0.031 315.9791666667
0.015 316
0.002 316.0208333333
-0.008 316.0416666667
-0.016 316.0625
-0.024 316.0833333333
-0.031 316.1041666667
-0.041 316.125
-0.046 316.1458333333
-0.052 316.1666666667
-0.054 316.1875
-0.058 316.2083333333
-0.059 316.2291666667
-0.059 316.25
-0.06 316.2708333333
-0.062 316.2916666667
-0.065 316.3125
-0.065 316.3333333333
-0.06 316.3541666667
-0.049 316.375
0.177 316.3958333333
0.25 316.4166666667
0.302 316.4375
0.335 316.4583333333
0.278 316.4791666667
0.136 316.5
0.09 316.5208333333
0.071 316.5416666667
0.054 316.5625
0.039 316.5833333333
0.034 316.6041666667
0.023 316.625
0.015 316.6458333333
0.007 316.6666666667
0.002 316.6875
-0.005 316.7083333333
-0.008 316.7291666667
-0.012 316.75
-0.017 316.7708333333
-0.02 316.7916666667
-0.023 316.8125
-0.026 316.8333333333
-0.031 316.8541666667
-0.032 316.875
-0.032 316.8958333333
-0.015 316.9166666667
0.201 316.9375
0.287 316.9583333333
0.33 316.9791666667
0.294 317
0.204 317.0208333333
0.094 317.0416666667
0.072 317.0625
0.064 317.0833333333
0.055 317.1041666667
0.047 317.125
0.036 317.1458333333
0.03 317.1666666667
0.022 317.1875
0.019 317.2083333333
0.011 317.2291666667
0.004 317.25
0.001 317.2708333333
-0.003 317.2916666667
-0.006 317.3125
-0.008 317.3333333333
-0.009 317.3541666667
-0.008 317.375
-0.009 317.3958333333
0.013 317.4166666667
0.221 317.4375
0.314 317.4583333333
0.36 317.4791666667
0.321 317.5
0.23 317.5208333333
0.072 317.5416666667
0.056 317.5625
0.042 317.5833333333
0.031 317.6041666667
0.023 317.625
0.014 317.6458333333
0.005 317.6666666667
0.003 317.6875
0.001 317.7083333333
-0.008 317.7291666667
-0.013 317.75
-0.015 317.7708333333
-0.019 317.7916666667
-0.026 317.8125
-0.031 317.8333333333
-0.033 317.8541666667
-0.038 317.875
-0.039 317.8958333333
-0.039 317.9166666667
-0.022 317.9375
0.254 317.9583333333
0.388 317.9791666667
0.503 318
0.551 318.0208333333
0.476 318.0416666667
0.363 318.0625
0.249 318.0833333333
0.095 318.1041666667
0.063 318.125
0.049 318.1458333333
0.043 318.1666666667
0.031 318.1875
0.022 318.2083333333
0.019 318.2291666667
0.011 318.25
0.009 318.2708333333
0.008 318.2916666667
0.003 318.3125
0.002 318.3333333333
-0.001 318.3541666667
-0.005 318.375
-0.009 318.3958333333
-0.009 318.4166666667
-0.005 318.4375
0.18 318.4583333333
0.259 318.4791666667
0.307 318.5
0.284 318.5208333333
0.188 318.5416666667
0.059 318.5625
0.045 318.5833333333
0.031 318.6041666667
0.015 318.625
0.008 318.6458333333
0 318.6666666667
-0.008 318.6875
-0.017 318.7083333333
-0.019 318.7291666667
-0.028 318.75
-0.029 318.7708333333
-0.036 318.7916666667
-0.041 318.8125
-0.048 318.8333333333
-0.052 318.8541666667
-0.055 318.875
-0.059 318.8958333333
-0.062 318.9166666667
-0.066 318.9375
0.078 318.9583333333
0.276 318.9791666667
0.462 319
0.633 319.0208333333
0.713 319.0416666667
0.655 319.0625
0.517 319.0833333333
0.374 319.1041666667
0.238 319.125
0.089 319.1458333333
0.025 319.1666666667
0.011 319.1875
0.002 319.2083333333
-0.003 319.2291666667
-0.006 319.25
-0.009 319.2708333333
-0.016 319.2916666667
-0.026 319.3125
-0.032 319.3333333333
-0.032 319.3541666667
-0.036 319.375
-0.041 319.3958333333
-0.046 319.4166666667
-0.054 319.4375
-0.046 319.4583333333
0.156 319.4791666667
0.254 319.5
0.322 319.5208333333
0.292 319.5416666667
0.206 319.5625
0.075 319.5833333333
0.001 319.6041666667
-0.013 319.625
-0.027 319.6458333333
-0.037 319.6666666667
-0.047 319.6875
-0.055 319.7083333333
-0.061 319.7291666667
-0.066 319.75
-0.07 319.7708333333
-0.075 319.7916666667
-0.073 319.8125
-0.081 319.8333333333
-0.082 319.8541666667
-0.092 319.875
-0.087 319.8958333333
-0.089 319.9166666667
-0.09 319.9375
-0.092 319.9583333333
0.095 319.9791666667
0.289 320
0.514 320.0208333333
0.718 320.0416666667
0.795 320.0625
0.722 320.0833333333
0.583 320.1041666667
0.449 320.125
0.309 320.1458333333
0.183 320.1666666667
0.032 320.1875
0.019 320.2083333333
0.005 320.2291666667
-0.001 320.25
-0.004 320.2708333333
-0.005 320.2916666667
-0.004 320.3125
-0.006 320.3333333333
-0.01 320.3541666667
-0.011 320.375
-0.015 320.3958333333
-0.019 320.4166666667
-0.026 320.4375
-0.027 320.4583333333
-0.027 320.4791666667
0.105 320.5
0.201 320.5208333333
0.254 320.5416666667
0.229 320.5625
0.127 320.5833333333
0.03 320.6041666667
0.017 320.625
0.006 320.6458333333
-0.002 320.6666666667
-0.008 320.6875
-0.013 320.7083333333
-0.019 320.7291666667
-0.021 320.75
-0.023 320.7708333333
-0.026 320.7916666667
-0.028 320.8125
-0.031 320.8333333333
-0.033 320.8541666667
-0.038 320.875
-0.04 320.8958333333
-0.04 320.9166666667
-0.043 320.9375
-0.047 320.9583333333
-0.048 320.9791666667
0.083 321
0.3 321.0208333333
0.509 321.0416666667
0.713 321.0625
0.817 321.0833333333
0.771 321.1041666667
0.638 321.125
0.491 321.1458333333
0.352 321.1666666667
0.226 321.1875
0.07 321.2083333333
0.066 321.2291666667
0.059 321.25
0.054 321.2708333333
0.049 321.2916666667
0.048 321.3125
0.044 321.3333333333
0.043 321.3541666667
0.038 321.375
0.038 321.3958333333
0.036 321.4166666667
0.03 321.4375
0.026 321.4583333333
0.019 321.4791666667
0.014 321.5
0.041 321.5208333333
0.171 321.5416666667
0.198 321.5625
0.117 321.5833333333
0.076 321.6041666667
0.061 321.625
0.051 321.6458333333
0.043 321.6666666667
0.034 321.6875
0.027 321.7083333333
0.02 321.7291666667
0.013 321.75
0.009 321.7708333333
0.004 321.7916666667
0.002 321.8125
-0.002 321.8333333333
-0.003 321.8541666667
-0.006 321.875
-0.005 321.8958333333
-0.012 321.9166666667
-0.017 321.9375
-0.019 321.9583333333
-0.023 321.9791666667
-0.024 322
-0.019 322.0208333333
0.281 322.0416666667
0.467 322.0625
0.659 322.0833333333
0.782 322.1041666667
0.759 322.125
0.624 322.1458333333
0.484 322.1666666667
0.348 322.1875
0.224 322.2083333333
0.114 322.2291666667
0.097 322.25
0.089 322.2708333333
0.083 322.2916666667
0.08 322.3125
0.073 322.3333333333
0.069 322.3541666667
0.068 322.375
0.066 322.3958333333
0.059 322.4166666667
-0.1205 322.4375
-0.3 322.4583333333
-0.309 322.4791666667
-0.316 322.5
-0.324 322.5208333333
-0.323 322.5416666667
-0.301 322.5625
-0.285 322.5833333333
-0.307 322.6041666667
-0.324 322.625
-0.336 322.6458333333
-0.345 322.6666666667
-0.352 322.6875
-0.359 322.7083333333
-0.367 322.7291666667
-0.37 322.75
-0.372 322.7708333333
-0.376 322.7916666667
-0.378 322.8125
-0.382 322.8333333333
-0.383 322.8541666667
-0.387 322.875
-0.39 322.8958333333
-0.391 322.9166666667
-0.396 322.9375
-0.401 322.9583333333
-0.405 322.9791666667
-0.412 323
-0.412 323.0208333333
-0.412 323.0416666667
-0.109 323.0625
0.056 323.0833333333
0.232 323.1041666667
0.344 323.125
0.355 323.1458333333
0.236 323.1666666667
0.098 323.1875
-0.041 323.2083333333
-0.169 323.2291666667
-0.262 323.25
-0.28 323.2708333333
-0.286 323.2916666667
-0.292 323.3125
-0.299 323.3333333333
-0.305 323.3541666667
-0.306 323.375
-0.311 323.3958333333
-0.318 323.4166666667
-0.327 323.4375
-0.334 323.4583333333
-0.342 323.4791666667
-0.353 323.5
-0.363 323.5208333333
-0.376 323.5416666667
-0.373 323.5625
-0.361 323.5833333333
-0.362 323.6041666667
-0.376 323.625
-0.386 323.6458333333
-0.396 323.6666666667
-0.4 323.6875
-0.404 323.7083333333
-0.412 323.7291666667
-0.415 323.75
-0.419 323.7708333333
-0.423 323.7916666667
-0.424 323.8125
-0.43 323.8333333333
-0.43 323.8541666667
-0.433 323.875
-0.436 323.8958333333
-0.439 323.9166666667
-0.444 323.9375
-0.447 323.9583333333
-0.451 323.9791666667
-0.452 324
-0.455 324.0208333333
-0.455 324.0416666667
-0.452 324.0625
-0.145 324.0833333333
0.014 324.1041666667
0.166 324.125
0.25 324.1458333333
0.213 324.1666666667
0.108 324.1875
-0.003 324.2083333333
-0.117 324.2291666667
-0.262 324.25
-0.296 324.2708333333
-0.308 324.2916666667
-0.318 324.3125
-0.321 324.3333333333
-0.322 324.3541666667
-0.325 324.375
-0.332 324.3958333333
-0.338 324.4166666667
-0.346 324.4375
-0.352 324.4583333333
-0.36 324.4791666667
-0.371 324.5
-0.378 324.5208333333
-0.39 324.5416666667
-0.394 324.5625
-0.395 324.5833333333
-0.394 324.6041666667
-0.395 324.625
-0.401 324.6458333333
-0.406 324.6666666667
-0.41 324.6875
-0.41 324.7083333333
-0.413 324.7291666667
-0.42 324.75
-0.425 324.7708333333
-0.429 324.7916666667
-0.434 324.8125
-0.441 324.8333333333
-0.44 324.8541666667
-0.442 324.875
-0.444 324.8958333333
-0.445 324.9166666667
-0.445 324.9375
-0.45 324.9583333333
-0.455 324.9791666667
-0.46 325
-0.464 325.0208333333
-0.466 325.0416666667
-0.466 325.0625
-0.465 325.0833333333
-0.206 325.1041666667
-0.081 325.125
0.04 325.1458333333
0.124 325.1666666667
0.112 325.1875
0.01 325.2083333333
-0.094 325.2291666667
-0.202 325.25
-0.285 325.2708333333
-0.301 325.2916666667
-0.307 325.3125
-0.313 325.3333333333
-0.316 325.3541666667
-0.323 325.375
-0.327 325.3958333333
-0.33 325.4166666667
-0.335 325.4375
-0.345 325.4583333333
-0.353 325.4791666667
-0.362 325.5
-0.375 325.5208333333
-0.389 325.5416666667
-0.395 325.5625
-0.398 325.5833333333
-0.404 325.6041666667
-0.407 325.625
-0.412 325.6458333333
-0.412 325.6666666667
-0.413 325.6875
-0.416 325.7083333333
-0.414 325.7291666667
-0.419 325.75
-0.423 325.7708333333
-0.427 325.7916666667
-0.432 325.8125
-0.435 325.8333333333
-0.438 325.8541666667
-0.444 325.875
-0.447 325.8958333333
-0.451 325.9166666667
-0.458 325.9375
-0.462 325.9583333333
-0.467 325.9791666667
-0.472 326
-0.478 326.0208333333
-0.484 326.0416666667
-0.487 326.0625
-0.493 326.0833333333
-0.487 326.1041666667
-0.257 326.125
-0.137 326.1458333333
-0.028 326.1666666667
0.023 326.1875
-0.032 326.2083333333
-0.112 326.2291666667
-0.205 326.25
-0.29 326.2708333333
-0.307 326.2916666667
-0.316 326.3125
-0.319 326.3333333333
-0.323 326.3541666667
-0.326 326.375
-0.333 326.3958333333
-0.339 326.4166666667
-0.342 326.4375
-0.35 326.4583333333
-0.359 326.4791666667
-0.368 326.5
-0.377 326.5208333333
-0.385 326.5416666667
-0.389 326.5625
-0.396 326.5833333333
-0.398 326.6041666667
-0.405 326.625
-0.406 326.6458333333
-0.408 326.6666666667
-0.411 326.6875
-0.406 326.7083333333
-0.389 326.7291666667
-0.369 326.75
-0.363 326.7708333333
-0.356 326.7916666667
-0.353 326.8125
-0.357 326.8333333333
-0.363 326.8541666667
-0.371 326.875
-0.372 326.8958333333
-0.374 326.9166666667
-0.378 326.9375
-0.383 326.9583333333
-0.382 326.9791666667
-0.366 327
-0.362 327.0208333333
-0.362 327.0416666667
-0.365 327.0625
-0.365 327.0833333333
-0.362 327.1041666667
-0.363 327.125
-0.366 327.1458333333
-0.336 327.1666666667
-0.2 327.1875
-0.149 327.2083333333
-0.171 327.2291666667
-0.25 327.25
-0.257 327.2708333333
-0.277 327.2916666667
-0.284 327.3125
-0.289 327.3333333333
-0.295 327.3541666667
-0.303 327.375
-0.308 327.3958333333
-0.313 327.4166666667
-0.319 327.4375
-0.328 327.4583333333
-0.336 327.4791666667
-0.346 327.5
-0.354 327.5208333333
-0.366 327.5416666667
-0.373 327.5625
-0.38 327.5833333333
-0.386 327.6041666667
-0.39 327.625
-0.393 327.6458333333
-0.395 327.6666666667
-0.398 327.6875
-0.4 327.7083333333
-0.403 327.7291666667
-0.405 327.75
-0.405 327.7708333333
-0.409 327.7916666667
-0.412 327.8125
-0.415 327.8333333333
-0.416 327.8541666667
-0.417 327.875
-0.42 327.8958333333
-0.421 327.9166666667
-0.425 327.9375
-0.427 327.9583333333
-0.429 327.9791666667
-0.432 328
-0.434 328.0208333333
-0.437 328.0416666667
-0.439 328.0625
-0.443 328.0833333333
-0.445 328.1041666667
-0.447 328.125
-0.444 328.1458333333
-0.443 328.1666666667
-0.439 328.1875
-0.43 328.2083333333
-0.409 328.2291666667
-0.39 328.25
-0.381 328.2708333333
-0.381 328.2916666667
-0.382 328.3125
-0.385 328.3333333333
-0.389 328.3541666667
-0.395 328.375
-0.404 328.3958333333
-0.413 328.4166666667
-0.419 328.4375
-0.425 328.4583333333
-0.432 328.4791666667
-0.437 328.5
-0.444 328.5208333333
-0.454 328.5416666667
-0.459 328.5625
-0.463 328.5833333333
-0.467 328.6041666667
-0.47 328.625
-0.474 328.6458333333
-0.475 328.6666666667
-0.478 328.6875
-0.478 328.7083333333
-0.481 328.7291666667
-0.48 328.75
-0.48 328.7708333333
-0.477 328.7916666667
-0.482 328.8125
-0.481 328.8333333333
-0.478 328.8541666667
-0.478 328.875
-0.48 328.8958333333
-0.481 328.9166666667
-0.486 328.9375
-0.486 328.9583333333
-0.49 328.9791666667
-0.491 329
-0.492 329.0208333333
-0.496 329.0416666667
-0.497 329.0625
-0.498 329.0833333333
-0.498 329.1041666667
-0.5 329.125
-0.5 329.1458333333
-0.502 329.1666666667
-0.502 329.1875
-0.5 329.2083333333
-0.493 329.2291666667
-0.483 329.25
-0.475 329.2708333333
-0.465 329.2916666667
-0.458 329.3125
-0.453 329.3333333333
-0.45 329.3541666667
-0.45 329.375
-0.453 329.3958333333
-0.458 329.4166666667
-0.463 329.4375
-0.469 329.4583333333
-0.479 329.4791666667
-0.487 329.5
-0.493 329.5208333333
-0.499 329.5416666667
-0.504 329.5625
-0.508 329.5833333333
-0.512 329.6041666667
-0.515 329.625
-0.517 329.6458333333
-0.52 329.6666666667
-0.522 329.6875
-0.522 329.7083333333
-0.524 329.7291666667
-0.524 329.75
-0.521 329.7708333333
-0.521 329.7916666667
-0.518 329.8125
-0.518 329.8333333333
-0.516 329.8541666667
-0.513 329.875
-0.51 329.8958333333
-0.513 329.9166666667
-0.514 329.9375
-0.514 329.9583333333
-0.516 329.9791666667
-0.519 330
-0.518 330.0208333333
-0.521 330.0416666667
-0.519 330.0625
-0.52 330.0833333333
-0.524 330.1041666667
-0.526 330.125
-0.527 330.1458333333
-0.527 330.1666666667
-0.529 330.1875
-0.53 330.2083333333
-0.53 330.2291666667
-0.525 330.25
-0.524 330.2708333333
-0.516 330.2916666667
-0.507 330.3125
-0.495 330.3333333333
-0.486 330.3541666667
-0.48 330.375
-0.477 330.3958333333
-0.479 330.4166666667
-0.486 330.4375
-0.495 330.4583333333
-0.505 330.4791666667
-0.515 330.5
-0.529 330.5208333333
-0.541 330.5416666667
-0.549 330.5625
-0.558 330.5833333333
-0.56 330.6041666667
-0.563 330.625
-0.564 330.6458333333
-0.565 330.6666666667
-0.568 330.6875
-0.571 330.7083333333
-0.574 330.7291666667
-0.575 330.75
-0.575 330.7708333333
-0.575 330.7916666667
-0.57 330.8125
-0.572 330.8333333333
-0.572 330.8541666667
-0.571 330.875
-0.569 330.8958333333
-0.564 330.9166666667
-0.564 330.9375
-0.567 330.9583333333
-0.567 330.9791666667
-0.574 331
-0.576 331.0208333333
-0.58 331.0416666667
-0.586 331.0625
-0.585 331.0833333333
-0.585 331.1041666667
-0.591 331.125
-0.594 331.1458333333
-0.594 331.1666666667
-0.594 331.1875
-0.594 331.2083333333
-0.596 331.2291666667
-0.596 331.25
-0.599 331.2708333333
-0.599 331.2916666667
-0.59 331.3125
-0.575 331.3333333333
-0.563 331.3541666667
-0.55 331.375
-0.54 331.3958333333
-0.528 331.4166666667
-0.526 331.4375
-0.526 331.4583333333
-0.532 331.4791666667
-0.539 331.5
-0.552 331.5208333333
-0.565 331.5416666667
-0.578 331.5625
-0.589 331.5833333333
-0.597 331.6041666667
-0.603 331.625
-0.612 331.6458333333
-0.619 331.6666666667
-0.621 331.6875
-0.626 331.7083333333
-0.625 331.7291666667
-0.62 331.75
-0.618 331.7708333333
-0.615 331.7916666667
-0.615 331.8125
-0.615 331.8333333333
-0.611 331.8541666667
-0.607 331.875
-0.599 331.8958333333
-0.582 331.9166666667
-0.542 331.9375
-0.51 331.9583333333
-0.501 331.9791666667
-0.507 332
-0.513 332.0208333333
-0.519 332.0416666667
-0.529 332.0625
-0.538 332.0833333333
-0.546 332.1041666667
-0.551 332.125
-0.559 332.1458333333
-0.566 332.1666666667
-0.572 332.1875
-0.578 332.2083333333
-0.584 332.2291666667
-0.588 332.25
-0.588 332.2708333333
-0.583 332.2916666667
-0.582 332.3125
-0.584 332.3333333333
-0.581 332.3541666667
-0.567 332.375
-0.538 332.3958333333
-0.502 332.4166666667
-0.473 332.4375
-0.468 332.4583333333
-0.472 332.4791666667
-0.479 332.5
-0.499 332.5208333333
-0.512 332.5416666667
-0.525 332.5625
-0.54 332.5833333333
-0.553 332.6041666667
-0.562 332.625
-0.572 332.6458333333
-0.576 332.6666666667
-0.579 332.6875
-0.583 332.7083333333
-0.587 332.7291666667
-0.59 332.75
-0.59 332.7708333333
-0.587 332.7916666667
-0.59 332.8125
-0.587 332.8333333333
-0.586 332.8541666667
-0.584 332.875
-0.579 332.8958333333
-0.565 332.9166666667
-0.351 332.9375
-0.107 332.9583333333
-0.052 332.9791666667
-0.08 333
-0.171 333.0208333333
-0.234 333.0416666667
-0.25 333.0625
-0.259 333.0833333333
-0.267 333.1041666667
-0.275 333.125
-0.281 333.1458333333
-0.291 333.1666666667
-0.297 333.1875
-0.303 333.2083333333
-0.309 333.2291666667
-0.313 333.25
-0.319 333.2708333333
-0.322 333.2916666667
-0.322 333.3125
-0.327 333.3333333333
-0.329 333.3541666667
-0.329 333.375
-0.327 333.3958333333
-0.321 333.4166666667
-0.295 333.4375
-0.167 333.4583333333
-0.194 333.4791666667
-0.249 333.5
-0.275 333.5208333333
-0.295 333.5416666667
-0.311 333.5625
-0.327 333.5833333333
-0.341 333.6041666667
-0.352 333.625
-0.364 333.6458333333
-0.373 333.6666666667
-0.377 333.6875
-0.378 333.7083333333
-0.383 333.7291666667
-0.384 333.75
-0.389 333.7708333333
-0.393 333.7916666667
-0.396 333.8125
-0.401 333.8333333333
-0.402 333.8541666667
-0.407 333.875
-0.408 333.8958333333
-0.412 333.9166666667
-0.398 333.9375
-0.067 333.9583333333
0.059 333.9791666667
0.173 334
0.223 334.0208333333
0.166 334.0416666667
0.055 334.0625
-0.055 334.0833333333
-0.207 334.1041666667
-0.225 334.125
-0.241 334.1458333333
-0.25 334.1666666667
-0.256 334.1875
-0.267 334.2083333333
-0.269 334.2291666667
-0.273 334.25
-0.28 334.2708333333
-0.29 334.2916666667
-0.294 334.3125
-0.297 334.3333333333
-0.301 334.3541666667
-0.303 334.375
-0.303 334.3958333333
-0.309 334.4166666667
-0.304 334.4375
-0.172 334.4583333333
-0.087 334.4791666667
-0.085 334.5
-0.176 334.5208333333
-0.24 334.5416666667
-0.246 334.5625
-0.262 334.5833333333
-0.271 334.6041666667
-0.284 334.625
-0.293 334.6458333333
-0.298 334.6666666667
-0.303 334.6875
-0.312 334.7083333333
-0.32 334.7291666667
-0.328 334.75
-0.336 334.7708333333
-0.34 334.7916666667
-0.342 334.8125
-0.349 334.8333333333
-0.35 334.8541666667
-0.35 334.875
-0.355 334.8958333333
-0.357 334.9166666667
-0.36 334.9375
-0.358 334.9583333333
-0.02 334.9791666667
0.196 335
0.426 335.0208333333
0.537 335.0416666667
0.471 335.0625
0.315 335.0833333333
0.167 335.1041666667
0.014 335.125
-0.113 335.1458333333
-0.237 335.1666666667
-0.239 335.1875
-0.235 335.2083333333
-0.241 335.2291666667
-0.248 335.25
-0.248 335.2708333333
-0.253 335.2916666667
-0.256 335.3125
-0.259 335.3333333333
-0.265 335.3541666667
-0.273 335.375
-0.275 335.3958333333
-0.281 335.4166666667
-0.286 335.4375
-0.287 335.4583333333
-0.177 335.4791666667
-0.067 335.5
0.001 335.5208333333
-0.048 335.5416666667
-0.187 335.5625
-0.233 335.5833333333
-0.233 335.6041666667
-0.244 335.625
-0.255 335.6458333333
-0.261 335.6666666667
-0.267 335.6875
-0.276 335.7083333333
-0.284 335.7291666667
-0.289 335.75
-0.294 335.7708333333
-0.299 335.7916666667
-0.306 335.8125
-0.311 335.8333333333
-0.317 335.8541666667
-0.324 335.875
-0.327 335.8958333333
-0.333 335.9166666667
-0.338 335.9375
-0.34 335.9583333333
-0.342 335.9791666667
-0.005 336
0.253 336.0208333333
0.515 336.0416666667
0.676 336.0625
0.681 336.0833333333
0.538 336.1041666667
0.362 336.125
0.186 336.1458333333
0.02 336.1666666667
-0.116 336.1875
-0.255 336.2083333333
-0.253 336.2291666667
-0.257 336.25
-0.258 336.2708333333
-0.263 336.2916666667
-0.268 336.3125
-0.266 336.3333333333
-0.274 336.3541666667
-0.277 336.375
-0.28 336.3958333333
-0.283 336.4166666667
-0.288 336.4375
-0.295 336.4583333333
-0.301 336.4791666667
-0.184 336.5
-0.073 336.5208333333
0.013 336.5416666667
0.002 336.5625
-0.097 336.5833333333
-0.26 336.6041666667
-0.277 336.625
-0.279 336.6458333333
-0.285 336.6666666667
-0.295 336.6875
-0.301 336.7083333333
-0.307 336.7291666667
-0.316 336.75
-0.322 336.7708333333
-0.325 336.7916666667
-0.335 336.8125
-0.34 336.8333333333
-0.345 336.8541666667
-0.35 336.875
-0.358 336.8958333333
-0.363 336.9166666667
-0.372 336.9375
-0.375 336.9583333333
-0.38 336.9791666667
-0.384 337
-0.079 337.0208333333
0.201 337.0416666667
0.532 337.0625
0.771 337.0833333333
0.833 337.1041666667
0.729 337.125
0.533 337.1458333333
0.34 337.1666666667
0.152 337.1875
-0.02 337.2083333333
-0.161 337.2291666667
-0.318 337.25
-0.315 337.2708333333
-0.311 337.2916666667
-0.31 337.3125
-0.306 337.3333333333
-0.306 337.3541666667
-0.305 337.375
-0.306 337.3958333333
-0.309 337.4166666667
-0.312 337.4375
-0.317 337.4583333333
-0.325 337.4791666667
-0.332 337.5
-0.243 337.5208333333
-0.124 337.5416666667
-0.002 337.5625
0.057 337.5833333333
-0.005 337.6041666667
-0.14 337.625
-0.299 337.6458333333
-0.342 337.6666666667
-0.344 337.6875
-0.341 337.7083333333
-0.347 337.7291666667
-0.352 337.75
-0.355 337.7708333333
-0.356 337.7916666667
-0.358 337.8125
-0.362 337.8333333333
-0.364 337.8541666667
-0.367 337.875
-0.368 337.8958333333
-0.369 337.9166666667
-0.369 337.9375
-0.372 337.9583333333
-0.377 337.9791666667
-0.382 338
-0.385 338.0208333333
-0.187 338.0416666667
0.097 338.0625
0.454 338.0833333333
0.758 338.1041666667
0.886 338.125
0.804 338.1458333333
0.634 338.1666666667
0.452 338.1875
0.273 338.2083333333
0.095 338.2291666667
-0.066 338.25
-0.202 338.2708333333
-0.315 338.2916666667
-0.317 338.3125
-0.31 338.3333333333
-0.305 338.3541666667
-0.297 338.375
-0.294 338.3958333333
-0.293 338.4166666667
-0.285 338.4375
-0.284 338.4583333333
-0.288 338.4791666667
-0.296 338.5
-0.303 338.5208333333
-0.3 338.5416666667
-0.23 338.5625
-0.118 338.5833333333
-0.041 338.6041666667
-0.028 338.625
-0.112 338.6458333333
-0.259 338.6666666667
-0.297 338.6875
-0.292 338.7083333333
-0.294 338.7291666667
-0.296 338.75
-0.296 338.7708333333
-0.294 338.7916666667
-0.298 338.8125
-0.299 338.8333333333
-0.299 338.8541666667
-0.302 338.875
-0.301 338.8958333333
-0.306 338.9166666667
-0.304 338.9375
-0.304 338.9583333333
-0.306 338.9791666667
-0.315 339
-0.318 339.0208333333
-0.318 339.0416666667
-0.318 339.0625
-0.073 339.0833333333
0.196 339.1041666667
0.513 339.125
0.754 339.1458333333
0.797 339.1666666667
0.678 339.1875
0.507 339.2083333333
0.337 339.2291666667
0.169 339.25
0.018 339.2708333333
-0.119 339.2916666667
-0.263 339.3125
-0.261 339.3333333333
-0.26 339.3541666667
-0.254 339.375
-0.25 339.3958333333
-0.248 339.4166666667
-0.248 339.4375
-0.25 339.4583333333
-0.256 339.4791666667
-0.261 339.5
-0.268 339.5208333333
-0.275 339.5416666667
-0.279 339.5625
-0.28 339.5833333333
-0.267 339.6041666667
-0.184 339.625
-0.152 339.6458333333
-0.195 339.6666666667
-0.257 339.6875
-0.255 339.7083333333
-0.254 339.7291666667
-0.256 339.75
-0.261 339.7708333333
-0.266 339.7916666667
-0.268 339.8125
-0.271 339.8333333333
-0.272 339.8541666667
-0.274 339.875
-0.277 339.8958333333
-0.279 339.9166666667
-0.282 339.9375
-0.284 339.9583333333
-0.284 339.9791666667
-0.287 340
-0.288 340.0208333333
-0.291 340.0416666667
-0.296 340.0625
-0.299 340.0833333333
-0.296 340.1041666667
-0.048 340.125
0.172 340.1458333333
0.411 340.1666666667
0.586 340.1875
0.617 340.2083333333
0.498 340.2291666667
0.34 340.25
0.187 340.2708333333
0.044 340.2916666667
-0.087 340.3125
-0.211 340.3333333333
-0.209 340.3541666667
-0.207 340.375
-0.207 340.3958333333
-0.209 340.4166666667
-0.218 340.4375
-0.223 340.4583333333
-0.229 340.4791666667
-0.24 340.5
-0.248 340.5208333333
-0.258 340.5416666667
-0.269 340.5625
-0.278 340.5833333333
-0.282 340.6041666667
-0.287 340.625
-0.286 340.6458333333
-0.271 340.6666666667
-0.256 340.6875
-0.262 340.7083333333
-0.271 340.7291666667
-0.278 340.75
-0.283 340.7708333333
-0.289 340.7916666667
-0.293 340.8125
-0.299 340.8333333333
-0.299 340.8541666667
-0.304 340.875
-0.308 340.8958333333
-0.31 340.9166666667
-0.315 340.9375
-0.317 340.9583333333
-0.321 340.9791666667
-0.326 341
-0.329 341.0208333333
-0.333 341.0416666667
-0.336 341.0625
-0.337 341.0833333333
-0.34 341.1041666667
-0.341 341.125
-0.334 341.1458333333
-0.06 341.1666666667
0.096 341.1875
0.263 341.2083333333
0.383 341.2291666667
0.383 341.25
0.269 341.2708333333
0.13 341.2916666667
0.007 341.3125
-0.12 341.3333333333
-0.221 341.3541666667
-0.225 341.375
-0.229 341.3958333333
-0.228 341.4166666667
-0.229 341.4375
-0.235 341.4583333333
-0.239 341.4791666667
-0.246 341.5
-0.262 341.5208333333
-0.272 341.5416666667
-0.285 341.5625
-0.29 341.5833333333
-0.292 341.6041666667
-0.297 341.625
-0.303 341.6458333333
-0.304 341.6666666667
-0.305 341.6875
-0.303 341.7083333333
-0.3 341.7291666667
-0.3 341.75
-0.303 341.7708333333
-0.303 341.7916666667
-0.305 341.8125
-0.307 341.8333333333
-0.313 341.8541666667
-0.314 341.875
-0.316 341.8958333333
-0.32 341.9166666667
-0.321 341.9375
-0.323 341.9583333333
-0.328 341.9791666667
-0.334 342
-0.336 342.0208333333
-0.342 342.0416666667
-0.345 342.0625
-0.349 342.0833333333
-0.354 342.1041666667
-0.362 342.125
-0.371 342.1458333333
-0.369 342.1666666667
-0.361 342.1875
-0.125 342.2083333333
0.009 342.2291666667
0.116 342.25
0.169 342.2708333333
0.144 342.2916666667
0.062 342.3125
-0.033 342.3333333333
-0.156 342.3541666667
-0.215 342.375
-0.213 342.3958333333
-0.215 342.4166666667
-0.223 342.4375
-0.23 342.4583333333
-0.239 342.4791666667
-0.25 342.5
-0.257 342.5208333333
-0.274 342.5416666667
-0.286 342.5625
-0.291 342.5833333333
-0.299 342.6041666667
-0.306 342.625
-0.314 342.6458333333
-0.316 342.6666666667
-0.322 342.6875
-0.328 342.7083333333
-0.328 342.7291666667
-0.33 342.75
-0.329 342.7708333333
-0.327 342.7916666667
-0.322 342.8125
-0.323 342.8333333333
-0.324 342.8541666667
-0.325 342.875
-0.332 342.8958333333
-0.333 342.9166666667
-0.34 342.9375
-0.342 342.9583333333
-0.346 342.9791666667
-0.349 343
-0.352 343.0208333333
-0.355 343.0416666667
-0.358 343.0625
-0.361 343.0833333333
-0.366 343.1041666667
-0.364 343.125
-0.365 343.1458333333
-0.366 343.1666666667
-0.366 343.1875
-0.367 343.2083333333
-0.366 343.2291666667
-0.357 343.25
-0.198 343.2708333333
-0.124 343.2916666667
-0.085 343.3125
-0.145 343.3333333333
-0.191 343.3541666667
-0.192 343.375
-0.199 343.3958333333
-0.206 343.4166666667
-0.214 343.4375
-0.224 343.4583333333
-0.234 343.4791666667
-0.248 343.5
-0.259 343.5208333333
-0.269 343.5416666667
-0.281 343.5625
-0.289 343.5833333333
-0.298 343.6041666667
-0.307 343.625
-0.315 343.6458333333
-0.319 343.6666666667
-0.324 343.6875
-0.326 343.7083333333
-0.33 343.7291666667
-0.334 343.75
-0.338 343.7708333333
-0.338 343.7916666667
-0.339 343.8125
-0.339 343.8333333333
-0.339 343.8541666667
-0.338 343.875
-0.338 343.8958333333
-0.339 343.9166666667
-0.342 343.9375
-0.345 343.9583333333
-0.35 343.9791666667
-0.356 344
-0.361 344.0208333333
-0.366 344.0416666667
-0.371 344.0625
-0.377 344.0833333333
-0.384 344.1041666667
-0.386 344.125
-0.388 344.1458333333
-0.391 344.1666666667
-0.396 344.1875
-0.401 344.2083333333
-0.404 344.2291666667
-0.403 344.25
-0.402 344.2708333333
-0.398 344.2916666667
-0.394 344.3125
-0.384 344.3333333333
-0.378 344.3541666667
-0.369 344.375
-0.365 344.3958333333
-0.362 344.4166666667
-0.368 344.4375
-0.378 344.4583333333
-0.391 344.4791666667
-0.4 344.5
-0.41 344.5208333333
-0.419 344.5416666667
-0.426 344.5625
-0.434 344.5833333333
-0.442 344.6041666667
-0.446 344.625
-0.451 344.6458333333
-0.454 344.6666666667
-0.46 344.6875
-0.459 344.7083333333
-0.459 344.7291666667
-0.46 344.75
-0.463 344.7708333333
-0.46 344.7916666667
-0.462 344.8125
-0.463 344.8333333333
-0.462 344.8541666667
-0.459 344.875
-0.452 344.8958333333
-0.44 344.9166666667
-0.433 344.9375
-0.428 344.9583333333
-0.427 344.9791666667
-0.432 345
-0.438 345.0208333333
-0.444 345.0416666667
-0.45 345.0625
-0.456 345.0833333333
-0.461 345.1041666667
-0.465 345.125
-0.469 345.1458333333
-0.468 345.1666666667
-0.472 345.1875
-0.474 345.2083333333
-0.47 345.2291666667
-0.469 345.25
-0.467 345.2708333333
-0.465 345.2916666667
-0.462 345.3125
-0.459 345.3333333333
-0.452 345.3541666667
-0.44 345.375
-0.427 345.3958333333
-0.421 345.4166666667
-0.416 345.4375
-0.416 345.4583333333
-0.417 345.4791666667
-0.427 345.5
-0.434 345.5208333333
-0.445 345.5416666667
-0.456 345.5625
-0.464 345.5833333333
-0.468 345.6041666667
-0.475 345.625
-0.475 345.6458333333
-0.476 345.6666666667
-0.48 345.6875
-0.48 345.7083333333
-0.479 345.7291666667
-0.478 345.75
-0.479 345.7708333333
-0.476 345.7916666667
-0.476 345.8125
-0.475 345.8333333333
-0.478 345.8541666667
-0.476 345.875
-0.473 345.8958333333
-0.466 345.9166666667
-0.417 345.9375
-0.12 345.9583333333
-0.102 345.9791666667
-0.154 346
-0.202 346.0208333333
-0.229 346.0416666667
-0.252 346.0625
-0.262 346.0833333333
-0.281 346.1041666667
-0.293 346.125
-0.304 346.1458333333
-0.314 346.1666666667
-0.324 346.1875
-0.334 346.2083333333
-0.342 346.2291666667
-0.347 346.25
-0.351 346.2708333333
-0.357 346.2916666667
-0.363 346.3125
-0.365 346.3333333333
-0.366 346.3541666667
-0.366 346.375
-0.367 346.3958333333
-0.367 346.4166666667
-0.361 346.4375
-0.36 346.4583333333
-0.364 346.4791666667
-0.367 346.5
-0.378 346.5208333333
-0.39 346.5416666667
-0.401 346.5625
-0.409 346.5833333333
-0.417 346.6041666667
-0.424 346.625
-0.434 346.6458333333
-0.436 346.6666666667
-0.441 346.6875
-0.444 346.7083333333
-0.446 346.7291666667
-0.451 346.75
-0.452 346.7708333333
-0.454 346.7916666667
-0.458 346.8125
-0.459 346.8333333333
-0.462 346.8541666667
-0.46 346.875
-0.463 346.8958333333
-0.46 346.9166666667
-0.454 346.9375
-0.125 346.9583333333
-0.029 346.9791666667
0.046 347
0.069 347.0208333333
0.004 347.0416666667
-0.084 347.0625
-0.214 347.0833333333
-0.217 347.1041666667
-0.219 347.125
-0.232 347.1458333333
-0.243 347.1666666667
-0.25 347.1875
-0.261 347.2083333333
-0.27 347.2291666667
-0.274 347.25
-0.277 347.2708333333
-0.28 347.2916666667
-0.283 347.3125
-0.284 347.3333333333
-0.289 347.3541666667
-0.294 347.375
-0.295 347.3958333333
-0.298 347.4166666667
-0.301 347.4375
-0.301 347.4583333333
-0.3 347.4791666667
-0.305 347.5
-0.311 347.5208333333
-0.325 347.5416666667
-0.333 347.5625
-0.342 347.5833333333
-0.354 347.6041666667
-0.362 347.625
-0.369 347.6458333333
-0.376 347.6666666667
-0.382 347.6875
-0.386 347.7083333333
-0.388 347.7291666667
-0.394 347.75
-0.396 347.7708333333
-0.399 347.7916666667
-0.402 347.8125
-0.403 347.8333333333
-0.407 347.8541666667
-0.407 347.875
-0.41 347.8958333333
-0.409 347.9166666667
-0.409 347.9375
-0.403 347.9583333333
-0.091 347.9791666667
0.035 348
0.144 348.0208333333
0.191 348.0416666667
0.136 348.0625
0.037 348.0833333333
-0.063 348.1041666667
-0.21 348.125
-0.214 348.1458333333
-0.217 348.1666666667
-0.227 348.1875
-0.241 348.2083333333
-0.249 348.2291666667
-0.253 348.25
-0.254 348.2708333333
-0.256 348.2916666667
-0.257 348.3125
-0.26 348.3333333333
-0.264 348.3541666667
-0.267 348.375
-0.271 348.3958333333
-0.275 348.4166666667
-0.282 348.4375
-0.288 348.4583333333
-0.292 348.4791666667
-0.294 348.5
-0.3 348.5208333333
-0.306 348.5416666667
-0.319 348.5625
-0.329 348.5833333333
-0.341 348.6041666667
-0.35 348.625
-0.358 348.6458333333
-0.364 348.6666666667
-0.369 348.6875
-0.374 348.7083333333
-0.378 348.7291666667
-0.382 348.75
-0.382 348.7708333333
-0.385 348.7916666667
-0.389 348.8125
-0.394 348.8333333333
-0.394 348.8541666667
-0.396 348.875
-0.402 348.8958333333
-0.405 348.9166666667
-0.405 348.9375
-0.408 348.9583333333
-0.41 348.9791666667
-0.087 349
0.051 349.0208333333
0.187 349.0416666667
0.268 349.0625
0.225 349.0833333333
0.108 349.1041666667
-0.007 349.125
-0.139 349.1458333333
-0.234 349.1666666667
-0.23 349.1875
-0.237 349.2083333333
-0.245 349.2291666667
-0.253 349.25
-0.258 349.2708333333
-0.262 349.2916666667
-0.267 349.3125
-0.269 349.3333333333
-0.271 349.3541666667
-0.275 349.375
-0.276 349.3958333333
-0.281 349.4166666667
-0.288 349.4375
-0.294 349.4583333333
-0.3 349.4791666667
-0.3 349.5
-0.298 349.5208333333
-0.296 349.5416666667
-0.305 349.5625
-0.316 349.5833333333
-0.325 349.6041666667
-0.333 349.625
-0.342 349.6458333333
-0.349 349.6666666667
-0.357 349.6875
-0.361 349.7083333333
-0.367 349.7291666667
-0.37 349.75
-0.373 349.7708333333
-0.374 349.7916666667
-0.378 349.8125
-0.378 349.8333333333
-0.38 349.8541666667
-0.383 349.875
-0.386 349.8958333333
-0.391 349.9166666667
-0.395 349.9375
-0.398 349.9583333333
-0.401 349.9791666667
-0.397 350
-0.069 350.0208333333
0.083 350.0416666667
0.235 350.0625
0.337 350.0833333333
0.314 350.1041666667
0.193 350.125
0.065 350.1458333333
-0.054 350.1666666667
-0.217 350.1875
-0.22 350.2083333333
-0.228 350.2291666667
-0.235 350.25
-0.24 350.2708333333
-0.247 350.2916666667
-0.248 350.3125
-0.252 350.3333333333
-0.254 350.3541666667
-0.253 350.375
-0.258 350.3958333333
-0.261 350.4166666667
-0.267 350.4375
-0.273 350.4583333333
-0.281 350.4791666667
-0.286 350.5
-0.291 350.5208333333
-0.292 350.5416666667
-0.292 350.5625
-0.301 350.5833333333
-0.308 350.6041666667
-0.315 350.625
-0.321 350.6458333333
-0.325 350.6666666667
-0.333 350.6875
-0.337 350.7083333333
-0.343 350.7291666667
-0.344 350.75
-0.348 350.7708333333
-0.351 350.7916666667
-0.354 350.8125
-0.356 350.8333333333
-0.358 350.8541666667
-0.363 350.875
-0.366 350.8958333333
-0.365 350.9166666667
-0.368 350.9375
-0.374 350.9583333333
-0.376 350.9791666667
-0.382 351
-0.38 351.0208333333
-0.033 351.0416666667
0.127 351.0625
0.285 351.0833333333
0.376 351.1041666667
0.33 351.125
0.213 351.1458333333
0.085 351.1666666667
-0.036 351.1875
-0.195 351.2083333333
-0.211 351.2291666667
-0.216 351.25
-0.225 351.2708333333
-0.231 351.2916666667
-0.236 351.3125
-0.238 351.3333333333
-0.243 351.3541666667
-0.247 351.375
-0.25 351.3958333333
-0.253 351.4166666667
-0.262 351.4375
-0.273 351.4583333333
-0.281 351.4791666667
-0.291 351.5
-0.299 351.5208333333
-0.303 351.5416666667
-0.305 351.5625
-0.307 351.5833333333
-0.313 351.6041666667
-0.32 351.625
-0.329 351.6458333333
-0.337 351.6666666667
-0.343 351.6875
-0.345 351.7083333333
-0.354 351.7291666667
-0.355 351.75
-0.359 351.7708333333
-0.362 351.7916666667
-0.367 351.8125
-0.372 351.8333333333
-0.374 351.8541666667
-0.378 351.875
-0.384 351.8958333333
-0.386 351.9166666667
-0.392 351.9375
-0.398 351.9583333333
-0.404 351.9791666667
-0.409 352
-0.414 352.0208333333
-0.331 352.0416666667
-0.025 352.0625
0.152 352.0833333333
0.312 352.1041666667
0.375 352.125
0.308 352.1458333333
0.176 352.1666666667
0.043 352.1875
-0.078 352.2083333333
-0.24 352.2291666667
-0.255 352.25
-0.258 352.2708333333
-0.265 352.2916666667
-0.273 352.3125
-0.277 352.3333333333
-0.28 352.3541666667
-0.282 352.375
-0.284 352.3958333333
-0.286 352.4166666667
-0.292 352.4375
-0.302 352.4583333333
-0.313 352.4791666667
-0.323 352.5
-0.332 352.5208333333
-0.342 352.5416666667
-0.347 352.5625
-0.344 352.5833333333
-0.339 352.6041666667
-0.354 352.625
-0.354 352.6458333333
-0.365 352.6666666667
-0.371 352.6875
-0.379 352.7083333333
-0.383 352.7291666667
-0.389 352.75
-0.397 352.7708333333
-0.402 352.7916666667
-0.403 352.8125
-0.409 352.8333333333
-0.418 352.8541666667
-0.424 352.875
-0.429 352.8958333333
-0.43 352.9166666667
-0.432 352.9375
-0.437 352.9583333333
-0.438 352.9791666667
-0.445 353
-0.453 353.0208333333
-0.45 353.0416666667
-0.204 353.0625
-0.035 353.0833333333
0.134 353.1041666667
0.274 353.125
0.319 353.1458333333
0.243 353.1666666667
0.126 353.1875
0.009 353.2083333333
-0.105 353.2291666667
-0.255 353.25
-0.288 353.2708333333
-0.293 353.2916666667
-0.298 353.3125
-0.304 353.3333333333
-0.313 353.3541666667
-0.313 353.375
-0.318 353.3958333333
-0.321 353.4166666667
-0.327 353.4375
-0.336 353.4583333333
-0.346 353.4791666667
-0.355 353.5
-0.367 353.5208333333
-0.378 353.5416666667
-0.383 353.5625
-0.383 353.5833333333
-0.376 353.6041666667
-0.383 353.625
-0.393 353.6458333333
-0.397 353.6666666667
-0.405 353.6875
-0.411 353.7083333333
-0.419 353.7291666667
-0.425 353.75
-0.428 353.7708333333
-0.434 353.7916666667
-0.438 353.8125
-0.442 353.8333333333
-0.45 353.8541666667
-0.456 353.875
-0.461 353.8958333333
-0.467 353.9166666667
-0.468 353.9375
-0.472 353.9583333333
-0.478 353.9791666667
-0.484 354
-0.493 354.0208333333
-0.496 354.0416666667
-0.497 354.0625
-0.215 354.0833333333
-0.055 354.1041666667
0.121 354.125
0.27 354.1458333333
0.311 354.1666666667
0.229 354.1875
0.109 354.2083333333
-0.024 354.2291666667
-0.128 354.25
-0.272 354.2708333333
-0.31 354.2916666667
-0.318 354.3125
-0.327 354.3333333333
-0.332 354.3541666667
-0.334 354.375
-0.339 354.3958333333
-0.332 354.4166666667
-0.344 354.4375
-0.349 354.4583333333
-0.356 354.4791666667
-0.362 354.5
-0.373 354.5208333333
-0.382 354.5416666667
-0.39 354.5625
-0.393 354.5833333333
-0.394 354.6041666667
-0.393 354.625
-0.388 354.6458333333
-0.389 354.6666666667
-0.391 354.6875
-0.392 354.7083333333
-0.395 354.7291666667
-0.394 354.75
-0.396 354.7708333333
-0.401 354.7916666667
-0.401 354.8125
-0.406 354.8333333333
-0.408 354.8541666667
-0.408 354.875
-0.409 354.8958333333
-0.409 354.9166666667
-0.414 354.9375
-0.414 354.9583333333
-0.418 354.9791666667
-0.424 355
-0.425 355.0208333333
-0.432 355.0416666667
-0.432 355.0625
-0.433 355.0833333333
-0.408 355.1041666667
-0.102 355.125
0.012 355.1458333333
0.116 355.1666666667
0.172 355.1875
0.108 355.2083333333
-0.01 355.2291666667
-0.124 355.25
-0.248 355.2708333333
-0.255 355.2916666667
-0.267 355.3125
-0.276 355.3333333333
-0.278 355.3541666667
-0.281 355.375
-0.284 355.3958333333
-0.287 355.4166666667
-0.289 355.4375
-0.295 355.4583333333
-0.303 355.4791666667
-0.314 355.5
-0.325 355.5208333333
-0.338 355.5416666667
-0.344 355.5625
-0.352 355.5833333333
-0.354 355.6041666667
-0.357 355.625
-0.359 355.6458333333
-0.36 355.6666666667
-0.36 355.6875
-0.364 355.7083333333
-0.371 355.7291666667
-0.372 355.75
-0.37 355.7708333333
-0.37 355.7916666667
-0.373 355.8125
-0.374 355.8333333333
-0.38 355.8541666667
-0.38 355.875
-0.381 355.8958333333
-0.386 355.9166666667
-0.387 355.9375
-0.39 355.9583333333
-0.392 355.9791666667
-0.393 356
-0.398 356.0208333333
-0.403 356.0416666667
-0.403 356.0625
-0.406 356.0833333333
-0.403 356.1041666667
-0.375 356.125
-0.091 356.1458333333
-0.012 356.1666666667
0.057 356.1875
0.071 356.2083333333
0.023 356.2291666667
-0.073 356.25
-0.187 356.2708333333
-0.197 356.2916666667
-0.208 356.3125
-0.212 356.3333333333
-0.215 356.3541666667
-0.221 356.375
-0.224 356.3958333333
-0.228 356.4166666667
-0.234 356.4375
-0.237 356.4583333333
-0.248 356.4791666667
-0.257 356.5
-0.267 356.5208333333
-0.28 356.5416666667
-0.287 356.5625
-0.296 356.5833333333
-0.303 356.6041666667
-0.306 356.625
-0.307 356.6458333333
-0.31 356.6666666667
-0.311 356.6875
-0.312 356.7083333333
-0.316 356.7291666667
-0.321 356.75
-0.324 356.7708333333
-0.328 356.7916666667
-0.332 356.8125
-0.333 356.8333333333
-0.334 356.8541666667
-0.336 356.875
-0.341 356.8958333333
-0.346 356.9166666667
-0.351 356.9375
-0.354 356.9583333333
-0.358 356.9791666667
-0.364 357
-0.368 357.0208333333
-0.374 357.0416666667
-0.376 357.0625
-0.381 357.0833333333
-0.385 357.1041666667
-0.386 357.125
-0.382 357.1458333333
-0.358 357.1666666667
-0.114 357.1875
-0.058 357.2083333333
-0.061 357.2291666667
-0.135 357.25
-0.172 357.2708333333
-0.191 357.2916666667
-0.202 357.3125
-0.206 357.3333333333
-0.212 357.3541666667
-0.218 357.375
-0.223 357.3958333333
-0.23 357.4166666667
-0.238 357.4375
-0.249 357.4583333333
-0.259 357.4791666667
-0.27 357.5
-0.282 357.5208333333
-0.295 357.5416666667
-0.306 357.5625
-0.316 357.5833333333
-0.327 357.6041666667
-0.333 357.625
-0.34 357.6458333333
-0.345 357.6666666667
-0.354 357.6875
-0.357 357.7083333333
-0.36 357.7291666667
-0.363 357.75
-0.364 357.7708333333
-0.368 357.7916666667
-0.368 357.8125
-0.37 357.8333333333
-0.375 357.8541666667
-0.379 357.875
-0.384 357.8958333333
-0.386 357.9166666667
-0.389 357.9375
-0.393 357.9583333333
-0.396 357.9791666667
-0.399 358
-0.404 358.0208333333
-0.408 358.0416666667
-0.413 358.0625
-0.413 358.0833333333
-0.416 358.1041666667
-0.418 358.125
-0.418 358.1458333333
-0.415 358.1666666667
-0.413 358.1875
-0.391 358.2083333333
-0.356 358.2291666667
-0.315 358.25
-0.309 358.2708333333
-0.317 358.2916666667
-0.326 358.3125
-0.333 358.3333333333
-0.341 358.3541666667
-0.348 358.375
-0.356 358.3958333333
-0.362 358.4166666667
-0.37 358.4375
-0.381 358.4583333333
-0.391 358.4791666667
-0.403 358.5
-0.414 358.5208333333
-0.424 358.5416666667
-0.432 358.5625
-0.441 358.5833333333
-0.446 358.6041666667
-0.451 358.625
-0.458 358.6458333333
-0.456 358.6666666667
-0.461 358.6875
-0.464 358.7083333333
-0.465 358.7291666667
-0.467 358.75
-0.466 358.7708333333
-0.469 358.7916666667
-0.47 358.8125
-0.47 358.8333333333
-0.471 358.8541666667
-0.474 358.875
-0.478 358.8958333333
-0.477 358.9166666667
-0.483 358.9375
-0.482 358.9583333333
-0.486 358.9791666667
-0.488 359
-0.493 359.0208333333
-0.492 359.0416666667
-0.494 359.0625
-0.494 359.0833333333
-0.495 359.1041666667
-0.499 359.125
-0.499 359.1458333333
-0.499 359.1666666667
-0.499 359.1875
-0.496 359.2083333333
-0.488 359.2291666667
-0.469 359.25
-0.447 359.2708333333
-0.437 359.2916666667
-0.435 359.3125
-0.434 359.3333333333
-0.437 359.3541666667
-0.44 359.375
-0.44 359.3958333333
-0.446 359.4166666667
-0.453 359.4375
-0.463 359.4583333333
-0.475 359.4791666667
-0.483 359.5
-0.493 359.5208333333
-0.501 359.5416666667
-0.511 359.5625
-0.517 359.5833333333
-0.521 359.6041666667
-0.522 359.625
-0.526 359.6458333333
-0.527 359.6666666667
-0.528 359.6875
-0.529 359.7083333333
-0.529 359.7291666667
-0.529 359.75
-0.532 359.7708333333
-0.528 359.7916666667
-0.527 359.8125
-0.522 359.8333333333
-0.518 359.8541666667
-0.523 359.875
-0.522 359.8958333333
-0.522 359.9166666667
-0.523 359.9375
-0.521 359.9583333333
-0.524 359.9791666667
-0.527 360
-0.531 360.0208333333
-0.532 360.0416666667
-0.535 360.0625
-0.537 360.0833333333
-0.535 360.1041666667
-0.539 360.125
-0.54 360.1458333333
-0.543 360.1666666667
-0.544 360.1875
-0.545 360.2083333333
-0.543 360.2291666667
-0.538 360.25
-0.533 360.2708333333
-0.522 360.2916666667
-0.514 360.3125
-0.505 360.3333333333
-0.499 360.3541666667
-0.494 360.375
-0.492 360.3958333333
-0.492 360.4166666667
-0.494 360.4375
-0.503 360.4583333333
-0.512 360.4791666667
-0.523 360.5
-0.533 360.5208333333
-0.545 360.5416666667
-0.552 360.5625
-0.556 360.5833333333
-0.558 360.6041666667
-0.562 360.625
-0.562 360.6458333333
-0.561 360.6666666667
-0.562 360.6875
-0.562 360.7083333333
-0.562 360.7291666667
-0.563 360.75
-0.562 360.7708333333
-0.565 360.7916666667
-0.558 360.8125
-0.56 360.8333333333
-0.555 360.8541666667
-0.549 360.875
-0.539 360.8958333333
-0.531 360.9166666667
-0.521 360.9375
-0.517 360.9583333333
-0.516 360.9791666667
-0.515 361
-0.519 361.0208333333
-0.523 361.0416666667
-0.528 361.0625
-0.532 361.0833333333
-0.537 361.1041666667
-0.543 361.125
-0.548 361.1458333333
-0.552 361.1666666667
-0.556 361.1875
-0.558 361.2083333333
-0.56 361.2291666667
-0.558 361.25
-0.555 361.2708333333
-0.554 361.2916666667
-0.552 361.3125
-0.546 361.3333333333
-0.534 361.3541666667
-0.528 361.375
-0.52 361.3958333333
-0.515 361.4166666667
-0.515 361.4375
-0.519 361.4583333333
-0.522 361.4791666667
-0.533 361.5
-0.543 361.5208333333
-0.549 361.5416666667
-0.4 361.5625
-0.42 361.5833333333
-0.428 361.6041666667
-0.435 361.625
-0.437 361.6458333333
-0.441 361.6666666667
-0.443 361.6875
-0.447 361.7083333333
-0.446 361.7291666667
-0.445 361.75
-0.443 361.7708333333
-0.443 361.7916666667
-0.443 361.8125
-0.44 361.8333333333
-0.44 361.8541666667
-0.435 361.875
-0.425 361.8958333333
-0.401 361.9166666667
-0.046 361.9375
0.01 361.9583333333
-0.001 361.9791666667
-0.079 362
-0.133 362.0208333333
-0.147 362.0416666667
-0.167 362.0625
-0.182 362.0833333333
-0.197 362.1041666667
-0.21 362.125
-0.218 362.1458333333
-0.227 362.1666666667
-0.241 362.1875
-0.253 362.2083333333
-0.261 362.2291666667
-0.276 362.25
-0.282 362.2708333333
-0.283 362.2916666667
-0.289 362.3125
-0.294 362.3333333333
-0.293 362.3541666667
-0.291 362.375
-0.288 362.3958333333
-0.277 362.4166666667
-0.271 362.4375
-0.276 362.4583333333
-0.282 362.4791666667
-0.293 362.5
-0.304 362.5208333333
-0.32 362.5416666667
-0.331 362.5625
-0.342 362.5833333333
-0.351 362.6041666667
-0.359 362.625
-0.365 362.6458333333
-0.376 362.6666666667
-0.383 362.6875
-0.388 362.7083333333
-0.387 362.7291666667
-0.398 362.75
-0.4 362.7708333333
-0.403 362.7916666667
-0.405 362.8125
-0.409 362.8333333333
-0.413 362.8541666667
-0.416 362.875
-0.413 362.8958333333
-0.41 362.9166666667
-0.001 362.9375
0.142 362.9583333333
0.289 362.9791666667
0.392 363
0.376 363.0208333333
0.273 363.0416666667
0.157 363.0625
0.045 363.0833333333
-0.108 363.1041666667
-0.13 363.125
-0.143 363.1458333333
-0.155 363.1666666667
-0.165 363.1875
-0.172 363.2083333333
-0.174 363.2291666667
-0.178 363.25
-0.182 363.2708333333
-0.182 363.2916666667
-0.186 363.3125
-0.19 363.3333333333
-0.191 363.3541666667
-0.193 363.375
-0.19 363.3958333333
-0.189 363.4166666667
-0.182 363.4375
-0.166 363.4583333333
-0.151 363.4791666667
-0.158 363.5
-0.176 363.5208333333
-0.193 363.5416666667
-0.206 363.5625
-0.217 363.5833333333
-0.228 363.6041666667
-0.234 363.625
-0.242 363.6458333333
-0.246 363.6666666667
-0.248 363.6875
-0.254 363.7083333333
-0.259 363.7291666667
-0.264 363.75
-0.264 363.7708333333
-0.266 363.7916666667
-0.268 363.8125
-0.27 363.8333333333
-0.27 363.8541666667
-0.272 363.875
-0.274 363.8958333333
-0.279 363.9166666667
-0.276 363.9375
0.044 363.9583333333
0.229 363.9791666667
0.434 364
0.604 364.0208333333
0.636 364.0416666667
0.541 364.0625
0.395 364.0833333333
0.251 364.1041666667
0.118 364.125
-0.038 364.1458333333
-0.071 364.1666666667
-0.084 364.1875
-0.093 364.2083333333
-0.102 364.2291666667
-0.104 364.25
-0.103 364.2708333333
-0.107 364.2916666667
-0.106 364.3125
-0.106 364.3333333333
-0.109 364.3541666667
-0.115 364.375
-0.121 364.3958333333
-0.124 364.4166666667
-0.126 364.4375
-0.121 364.4583333333
0.01 364.4791666667
0.067 364.5
0.034 364.5208333333
-0.045 364.5416666667
-0.07 364.5625
-0.086 364.5833333333
-0.097 364.6041666667
-0.109 364.625
-0.118 364.6458333333
-0.124 364.6666666667
-0.132 364.6875
-0.14 364.7083333333
-0.149 364.7291666667
-0.158 364.75
-0.162 364.7708333333
-0.163 364.7916666667
-0.168 364.8125
-0.173 364.8333333333
-0.174 364.8541666667
-0.18 364.875
-0.186 364.8958333333
-0.19 364.9166666667
-0.192 364.9375
-0.195 364.9583333333
-0.01 364.9791666667
0.251 365
0.528 365.0208333333
0.782 365.0416666667
0.909 365.0625
0.859 365.0833333333
0.681 365.1041666667
0.497 365.125
0.325 365.1458333333
0.169 365.1666666667
0.014 365.1875
-0.047 365.2083333333
-0.062 365.2291666667
-0.069 365.25
-0.075 365.2708333333
-0.081 365.2916666667
-0.085 365.3125
-0.086 365.3333333333
-0.088 365.3541666667
-0.092 365.375
-0.094 365.3958333333
-0.097 365.4166666667
-0.102 365.4375
-0.105 365.4583333333
-0.108 365.4791666667
0.013 365.5
0.119 365.5208333333
0.179 365.5416666667
0.16 365.5625
0.047 365.5833333333
-0.061 365.6041666667
-0.073 365.625
-0.085 365.6458333333
-0.095 365.6666666667
-0.102 365.6875
-0.108 365.7083333333
-0.116 365.7291666667
-0.125 365.75
-0.13 365.7708333333
-0.136 365.7916666667
-0.14 365.8125
-0.145 365.8333333333
-0.151 365.8541666667
-0.154 365.875
-0.158 365.8958333333
-0.162 365.9166666667
-0.168 365.9375
-0.173 365.9583333333
-0.177 365.9791666667
-0.182 366
0.168 366.0208333333
0.477 366.0416666667
0.815 366.0625
1.031 366.0833333333
1.043 366.1041666667
0.881 366.125
0.688 366.1458333333
0.5 366.1666666667
0.319 366.1875
0.157 366.2083333333
0.012 366.2291666667
-0.062 366.25
-0.064 366.2708333333
-0.07 366.2916666667
-0.074 366.3125
-0.076 366.3333333333
-0.079 366.3541666667
-0.08 366.375
-0.081 366.3958333333
-0.084 366.4166666667
-0.087 366.4375
-0.092 366.4583333333
-0.097 366.4791666667
-0.102 366.5
-0.03 366.5208333333
0.098 366.5416666667
0.193 366.5625
0.225 366.5833333333
0.14 366.6041666667
0.007 366.625
-0.076 366.6458333333
-0.081 366.6666666667
-0.09 366.6875
-0.099 366.7083333333
-0.105 366.7291666667
-0.107 366.75
-0.11 366.7708333333
-0.113 366.7916666667
-0.117 366.8125
-0.118 366.8333333333
-0.123 366.8541666667
-0.124 366.875
-0.132 366.8958333333
-0.134 366.9166666667
-0.136 366.9375
-0.141 366.9583333333
-0.146 366.9791666667
-0.149 367
-0.151 367.0208333333
0.062 367.0416666667
0.348 367.0625
0.702 367.0833333333
0.998 367.1041666667
1.099 367.125
1.012 367.1458333333
0.817 367.1666666667
0.613 367.1875
0.42 367.2083333333
0.244 367.2291666667
0.099 367.25
-0.064 367.2708333333
-0.067 367.2916666667
-0.066 367.3125
-0.067 367.3333333333
-0.066 367.3541666667
-0.067 367.375
-0.066 367.3958333333
-0.066 367.4166666667
-0.072 367.4375
-0.074 367.4583333333
-0.082 367.4791666667
-0.09 367.5
-0.098 367.5208333333
-0.1 367.5416666667
-0.003 367.5625
0.121 367.5833333333
0.213 367.6041666667
0.23 367.625
0.133 367.6458333333
-0.002 367.6666666667
-0.082 367.6875
-0.086 367.7083333333
-0.092 367.7291666667
-0.1 367.75
-0.103 367.7708333333
-0.107 367.7916666667
-0.109 367.8125
-0.115 367.8333333333
-0.116 367.8541666667
-0.12 367.875
-0.123 367.8958333333
-0.123 367.9166666667
-0.126 367.9375
-0.128 367.9583333333
-0.131 367.9791666667
-0.137 368
-0.143 368.0208333333
-0.147 368.0416666667
-0.146 368.0625
0.173 368.0833333333
0.476 368.1041666667
0.805 368.125
1.019 368.1458333333
1.019 368.1666666667
0.844 368.1875
0.64 368.2083333333
0.451 368.2291666667
0.274 368.25
0.117 368.2708333333
-0.033 368.2916666667
-0.084 368.3125
-0.083 368.3333333333
-0.083 368.3541666667
-0.084 368.375
-0.086 368.3958333333
-0.088 368.4166666667
-0.091 368.4375
-0.094 368.4583333333
-0.106 368.4791666667
-0.113 368.5
-0.12 368.5208333333
-0.125 368.5416666667
-0.127 368.5625
-0.124 368.5833333333
0.001 368.6041666667
0.109 368.625
0.184 368.6458333333
0.157 368.6666666667
0.055 368.6875
-0.102 368.7083333333
-0.108 368.7291666667
-0.112 368.75
-0.119 368.7708333333
-0.126 368.7916666667
-0.129 368.8125
-0.132 368.8333333333
-0.136 368.8541666667
-0.134 368.875
-0.136 368.8958333333
-0.138 368.9166666667
-0.14 368.9375
-0.143 368.9583333333
-0.148 368.9791666667
-0.153 369
-0.155 369.0208333333
-0.158 369.0416666667
-0.16 369.0625
-0.164 369.0833333333
0.004 369.1041666667
0.233 369.125
0.533 369.1458333333
0.779 369.1666666667
0.873 369.1875
0.783 369.2083333333
0.612 369.2291666667
0.438 369.25
0.273 369.2708333333
0.12 369.2916666667
-0.022 369.3125
-0.099 369.3333333333
-0.096 369.3541666667
-0.102 369.375
-0.107 369.3958333333
-0.113 369.4166666667
-0.12 369.4375
-0.123 369.4583333333
-0.129 369.4791666667
-0.14 369.5
-0.148 369.5208333333
-0.158 369.5416666667
-0.166 369.5625
-0.171 369.5833333333
-0.172 369.6041666667
-0.17 369.625
-0.087 369.6458333333
0.016 369.6666666667
0.068 369.6875
0.022 369.7083333333
-0.112 369.7291666667
-0.115 369.75
-0.12 369.7708333333
-0.128 369.7916666667
-0.13 369.8125
-0.135 369.8333333333
-0.137 369.8541666667
-0.138 369.875
-0.141 369.8958333333
-0.143 369.9166666667
-0.147 369.9375
-0.153 369.9583333333
-0.154 369.9791666667
-0.158 370
-0.163 370.0208333333
-0.166 370.0416666667
-0.167 370.0625
-0.169 370.0833333333
-0.171 370.1041666667
-0.166 370.125
0.059 370.1458333333
0.229 370.1666666667
0.423 370.1875
0.561 370.2083333333
0.58 370.2291666667
0.474 370.25
0.335 370.2708333333
0.201 370.2916666667
0.079 370.3125
-0.062 370.3333333333
-0.062 370.3541666667
-0.069 370.375
-0.076 370.3958333333
-0.079 370.4166666667
-0.084 370.4375
-0.09 370.4583333333
-0.093 370.4791666667
-0.102 370.5
-0.109 370.5208333333
-0.118 370.5416666667
-0.127 370.5625
-0.132 370.5833333333
-0.137 370.6041666667
-0.138 370.625
-0.141 370.6458333333
-0.142 370.6666666667
-0.139 370.6875