   0.00000000       0.00000000    
  0.124872573      0.124747701    
  0.249745145      0.249245659    
  0.374617726      0.373493880    
  0.499490291      0.497492343    
  0.624362826      0.621241033    
  0.749235392      0.744740009    
  0.874107957      0.867989182    
  0.998980582      0.990988731    
   1.12385321       1.11373854    
   1.24872577       1.23623848    
   1.37359834       1.35848880    
   1.49847102       1.48048937    
   1.62334347       1.60223997    
   1.74821603       1.72374105    
   1.87308872       1.84499240    
   1.99796128       1.96599388    
   2.12283397       2.08674574    
   2.24770641       2.20724773    
   2.37257910       2.32750010    
   2.49745178       2.44750285    
   2.62232423       2.56725550    
   2.74719691       2.68675852    
   2.87206960       2.80601192    
   2.99694204       2.92501545    
   3.12181449       3.04376912    
   3.24668694       3.16227317    
   3.37155938       3.28052735    
   3.49643183       3.39853168    
   3.62130427       3.51628637    
   3.74617672       3.63379145    
   3.87104917       3.75104666    
   3.99592137       3.86805201    
   4.12079382       3.98480773    
   4.24566650       4.10131407    
   4.37053871       4.21756983    
   4.49541092       4.33357620    
   4.62028360       4.44933319    
   4.74515581       4.56483984    
   4.87002850       4.68009758    
   4.99490070       4.79510498    
   5.11977339       4.90986300    
   5.24464560       5.02437067    
   5.36951828       5.13862896    
   5.49439049       5.25263739    
   5.61926270       5.36639595    
   5.74413538       5.47990513    
   5.86900759       5.59316444    
   5.99388027       5.70617437    
   6.11875248       5.81893396    
   6.24362516       5.93144417    
   6.36849833       6.04370499    
   6.49337101       6.15571594    
   6.61824369       6.26747704    
   6.74311638       6.37898827    
   6.86798954       6.49025011    
   6.99286222       6.60126209    
   7.11773491       6.71202421    
   7.24260759       6.82253647    
   7.36748028       6.93279886    
   7.49235344       7.04281235    
   7.61722612       7.15257549    
   7.74209881       7.26208878    
   7.86697149       7.37135220    
   7.99184465       7.48036671    
   8.11671734       7.58913088    
   8.24158955       7.69764471    
   8.36646271       7.80590963    
   8.49133587       7.91392517    
   8.61620808       8.02168941    
   8.74108124       8.12920570    
   8.86595440       8.23647118    
   8.99082661       8.34348679    
   9.11569977       8.45025349    
   9.24057198       8.55676937    
   9.36544514       8.66303635    
   9.49031830       8.76905441    
   9.61519051       8.87482071    
   9.74006367       8.98033810    
   9.86493587       9.08560562    
   9.98980904       9.19062424    
   10.1146822       9.29539299    
   10.2395544       9.39991093    
   10.3644276       9.50417995    
   10.4892998       9.60819817    
   10.6141729       9.71196747    
   10.7390461       9.81548786    
   10.8639183       9.91875744    
   10.9887915       10.0217772    
   11.1136637       10.1245470    
   11.2385368       10.2270679    
   11.3634100       10.3293390    
   11.4882822       10.4313593    
   11.6131554       10.5331316    
   11.7380285       10.6346531    
   11.8629007       10.7359247    
   11.9877739       10.8369474    
   12.1126461       10.9377184    
   12.2375193       11.0382414    
   12.3623924       11.1385145    
   12.4872637       11.2385368    
   12.6121359       11.3383093    
   12.7370081       11.4378328    
   12.8618803       11.5371065    
   12.9867525       11.6361294    
   13.1116247       11.7349033    
   13.2364960       11.8334274    
   13.3613682       11.9317017    
   13.4862404       12.0297260    
   13.6111126       12.1275015    
   13.7359848       12.2250261    
   13.8608570       12.3223019    
   13.9857283       12.4193268    
   14.1106005       12.5161028    
   14.2354727       12.6126289    
   14.3603449       12.7089052    
   14.4852171       12.8049316    
   14.6100893       12.9007092    
   14.7349606       12.9962358    
   14.8598328       13.0915127    
   14.9847050       13.1865406    
   15.1095772       13.2813187    
   15.2344494       13.3758469    
   15.3593216       13.4701262    
   15.4841928       13.5641537    
   15.6090651       13.6579323    
   15.7339373       13.7514620    
   15.8588095       13.8447418    
   15.9836817       13.9377708    
   16.1085529       14.0305510    
   16.2334251       14.1230812    
   16.3582973       14.2153616    
   16.4831696       14.3073921    
   16.6080418       14.3991737    
   16.7329140       14.4907055    
   16.8577862       14.5819864    
   16.9826584       14.6730185    
   17.1075306       14.7638006    
   17.2324028       14.8543329    
   17.3572731       14.9446144    
   17.4821453       15.0346470    
   17.6070175       15.1244297    
   17.7318897       15.2139635    
   17.8567619       15.3032475    
   17.9816341       15.3922815    
   18.1065063       15.4810658    
   18.2313786       15.5696001    
   18.3562508       15.6578846    
   18.4811230       15.7459202    
   18.6059952       15.8337049    
   18.7308674       15.9212399    
   18.8557377       16.0085239    
   18.9806099       16.0955601    
   19.1054821       16.1823463    
   19.2303543       16.2688828    
   19.3552265       16.3551693    
   19.4800987       16.4412060    
   19.6049709       16.5269947    
   19.7298431       16.6125317    
   19.8547153       16.6978188    
   19.9795876       16.7828579    
   20.1044598       16.8676453    
   20.2293320       16.9521847    
   20.3542042       17.0364723    
   20.4790745       17.1205101    
   20.6039467       17.2042999    
   20.7288189       17.2878399    
   20.8536911       17.3711300    
   20.9785633       17.4541702    
   21.1034355       17.5369606    
   21.2283077       17.6195011    
   21.3531799       17.7017918    
   21.4780521       17.7838326    
   21.6029243       17.8656235    
   21.7277966       17.9471664    
   21.8526688       18.0284576    
   21.9775391       18.1094971    
   22.1024113       18.1902905    
   22.2272835       18.2708321    
   22.3521557       18.3511257    
   22.4770279       18.4311695    
   22.6019001       18.5109634    
   22.7267723       18.5905075    
   22.8516445       18.6697998    
   22.9765167       18.7488441    
   23.1013889       18.8276386    
   23.2262611       18.9061832    
   23.3511333       18.9844780    
   23.4760036       19.0625229    
   23.6008759       19.1403179    
   23.7257481       19.2178631    
   23.8506203       19.2951584    
   23.9754925       19.3722057    
   24.1003647       19.4490032    
   24.2252369       19.5255489    
   24.3501091       19.6018467    
   24.4749813       19.6778946    
   24.5998535       19.7536907    
   24.7247257       19.8292389    
   24.8495979       19.9045372    
   24.9744720       19.9795856    
   25.0993462       20.0543861    
   25.2242184       20.1289330    
   25.3490925       20.2032356    
   25.4739666       20.2772865    
   25.5988388       20.3510857    
   25.7237129       20.4246349    
   25.8485870       20.4979362    
   25.9734612       20.5709877    
   26.0983334       20.6437893    
   26.2232075       20.7163410    
   26.3480816       20.7886429    
   26.4729538       20.8606949    
   26.5978279       20.9324970    
   26.7227020       21.0040512    
   26.8475742       21.0753517    
   26.9724483       21.1464062    
   27.0973225       21.2172089    
   27.2221947       21.2877617    
   27.3470688       21.3580666    
   27.4719429       21.4281216    
   27.5968170       21.4979248    
   27.7216892       21.5674782    
   27.8465633       21.6367836    
   27.9714375       21.7058411    
   28.0963097       21.7746429    
   28.2211838       21.8432007    
   28.3460579       21.9115067    
   28.4709301       21.9795609    
   28.5958042       22.0473671    
   28.7206783       22.1149254    
   28.8455505       22.1822319    
   28.9704247       22.2492886    
   29.0952988       22.3160973    
   29.2201729       22.3826561    
   29.3450451       22.4489613    
   29.4699192       22.5150204    
   29.5947933       22.5808296    
   29.7196655       22.6463871    
   29.8445396       22.7116966    
   29.9694138       22.7767563    
   30.0942860       22.8415642    
   30.2191601       22.9061241    
   30.3440342       22.9704342    
   30.4689064       23.0344925    
   30.5937805       23.0983047    
   30.7186546       23.1618652    
   30.8435268       23.2251740    
   30.9684010       23.2882366    
   31.0932751       23.3510475    
   31.2181492       23.4136105    
   31.3430214       23.4759216    
   31.4678955       23.5379829    
   31.5927696       23.5997963    
   31.7176418       23.6613579    
   31.8425159       23.7226715    
   31.9673901       23.7837353    
   32.0922623       23.8445473    
   32.2171364       23.9051132    
   32.3420105       23.9654274    
   32.4668846       24.0254898    
   32.5917587       24.0853062    
   32.7166290       24.1448669    
   32.8415031       24.2041836    
   32.9663773       24.2632484    
   33.0912514       24.3220634    
   33.2161255       24.3806305    
   33.3409996       24.4389477    
   33.4658699       24.4970093    
   33.5907440       24.5548286    
   33.7156181       24.6123943    
   33.8404922       24.6697121    
   33.9653664       24.7267799    
   34.0902405       24.7835979    
   34.2151146       24.8401661    
   34.3399849       24.8964806    
   34.4648590       24.9525490    
   34.5897331       25.0083694    
   34.7146072       25.0639381    
   34.8394814       25.1192570    
   34.9643555       25.1743279    
   35.0892258       25.2291431    
   35.2140999       25.2837143    
   35.3389740       25.3380337    
   35.4638481       25.3921051    
   35.5887222       25.4459267    
   35.7135963       25.4994965    
   35.8384705       25.5528183    
   35.9633408       25.6058865    
   36.0882149       25.6587086    
   36.2130890       25.7112808    
   36.3379631       25.7636032    
   36.4628372       25.8156757    
   36.5877113       25.8675003    
   36.7125816       25.9190674    
   36.8374557       25.9703903    
   36.9623299       26.0214653    
   37.0872040       26.0722885    
   37.2120781       26.1228638    
   37.3369522       26.1731873    
   37.4618263       26.2232628    
   37.5866966       26.2730846    
   37.7115707       26.3226585    
   37.8364449       26.3719864    
   37.9613190       26.4210606    
   38.0861931       26.4698868    
   38.2110672       26.5184631    
   38.3359375       26.5667858    
   38.4608116       26.6148624    
   38.5856857       26.6626892    
   38.7105598       26.7102661    
   38.8354340       26.7575951    
   38.9603081       26.8046722    
   39.0851822       26.8515015    
   39.2100525       26.8980751    
   39.3349266       26.9444046    
   39.4598007       26.9904823    
   39.5846748       27.0363121    
   39.7095490       27.0818901    
   39.8344231       27.1272202    
   39.9592934       27.1722965    
   40.0841675       27.2171268    
   40.2090416       27.2617073    
   40.3339157       27.3060379    
   40.4587898       27.3501167    
   40.5836639       27.3939476    
   40.7085381       27.4375305    
   40.8334084       27.4808578    
   40.9582825       27.5239410    
   41.0831566       27.5667725    
   41.2080307       27.6093559    
   41.3329048       27.6516857    
   41.4577789       27.6937675    
   41.5826492       27.7355995    
   41.7075233       27.7771816    
   41.8323975       27.8185158    
   41.9572716       27.8596001    
   42.0821457       27.9004326    
   42.2070198       27.9410172    
   42.3318939       27.9813519    
   42.4567642       28.0214329    
   42.5816383       28.0612679    
   42.7065125       28.1008530    
   42.8313866       28.1401901    
   42.9562607       28.1792755    
   43.0811348       28.2181110    
   43.2060051       28.2566948    
   43.3308792       28.2950287    
   43.4557533       28.3331165    
   43.5806274       28.3709526    
   43.7055016       28.4085426    
   43.8303757       28.4458790    
   43.9552498       28.4829674    
   44.0801201       28.5198021    
   44.2049942       28.5563889    
   44.3298683       28.5927277    
   44.4547424       28.6288166    
   44.5796165       28.6646557    
   44.7044907       28.7002449    
   44.8293610       28.7355804    
   44.9542351       28.7706718    
   45.0791092       28.8055115    
   45.2039833       28.8400993    
   45.3288574       28.8744411    
   45.4537315       28.9085312    
   45.5786057       28.9423733    
   45.7034760       28.9759617    
   45.8283501       29.0093021    
   45.9532242       29.0423946    
   46.0780983       29.0752373    
   46.2029724       29.1078281    
   46.3278465       29.1401711    
   46.4527168       29.1722603    
   46.5775909       29.2041035    
   46.7024651       29.2356968    
   46.8273392       29.2670403    
   46.9522133       29.2981358    
   47.0770874       29.3289776    
   47.2019615       29.3595715    
   47.3268318       29.3899136    
   47.4517059       29.4200077    
   47.5765800       29.4498539    
   47.7014542       29.4794483    
   47.8263283       29.5087948    
   47.9512024       29.5378914    
   48.0760727       29.5667324    
   48.2009468       29.5953293    
   48.3258209       29.6236744    
   48.4506950       29.6517715    
   48.5755692       29.6796188    
   48.7004433       29.7072182    
   48.8253136       29.7345619    
   48.9501877       29.7616596    
   49.0750618       29.7885056    
   49.1999359       29.8151054    
   49.3248100       29.8414536    
   49.4496841       29.8675518    
   49.5745544       29.8934002    
   49.6994286       29.9189987    
   49.8242989       29.9443455    
   49.9491730       29.9694443    
   50.0740471       29.9942951    
   50.1989212       30.0188961    
   50.3237953       30.0432472    
   50.4486694       30.0673485    
   50.5735435       30.0911980    
   50.6984138       30.1147957    
   50.8232880       30.1381474    
   50.9481621       30.1612492    
   51.0730362       30.1841011    
   51.1979103       30.2067051    
   51.3227844       30.2290573    
   51.4476547       30.2511559    
   51.5725288       30.2730083    
   51.6974030       30.2946110    
   51.8222771       30.3159657    
   51.9471512       30.3370705    
   52.0720253       30.3579235    
   52.1968994       30.3785286    
   52.3217697       30.3988800    
   52.4466438       30.4189854    
   52.5715179       30.4388390    
   52.6963921       30.4584446    
   52.8212662       30.4778004    
   52.9461403       30.4969063    
   53.0710106       30.5157585    
   53.1958847       30.5343647    
   53.3207588       30.5527229    
   53.4456329       30.5708275    
   53.5705070       30.5886860    
   53.6953812       30.6062927    
   53.8202553       30.6236515    
   53.9451256       30.6407547    
   54.0699997       30.6576138    
   54.1948738       30.6742229    
   54.3197479       30.6905804    
   54.4446220       30.7066879    
   54.5694962       30.7225475    
   54.6943665       30.7381535    
   54.8192406       30.7535133    
   54.9441147       30.7686234    
   55.0689888       30.7834835    
   55.1938629       30.7980957    
   55.3187370       30.8124561    
   55.4436111       30.8265648    
   55.5684814       30.8404217    
   55.6933556       30.8540344    
   55.8182297       30.8673954    
   55.9431038       30.8805084    
   56.0679779       30.8933716    
   56.1928520       30.9059830    
   56.3177223       30.9183407    
   56.4425964       30.9304543    
   56.5674706       30.9423180    
   56.6923447       30.9539318    
   56.8172188       30.9652958    
   56.9420929       30.9764099    
   57.0669670       30.9872742    
   57.1918373       30.9978848    
   57.3167114       31.0082474    
   57.4415855       31.0183620    
   57.5664597       31.0282288    
   57.6913338       31.0378437    
   57.8162079       31.0472088    
   57.9410782       31.0563221    
   58.0659523       31.0651894    
   58.1908264       31.0738049    
   58.3157005       31.0821705    
   58.4405746       31.0902882    
   58.5654488       31.0981541    
   58.6903229       31.1057720    
   58.8151932       31.1131363    
   58.9400673       31.1202545    
   59.0649414       31.1271229    
   59.1898155       31.1337395    
   59.3146896       31.1401081    
   59.4395638       31.1462288    
   59.5644341       31.1520939    
   59.6893082       31.1577129    
   59.8141823       31.1630840    
   59.9390564       31.1682034    
   60.0639305       31.1730747    
   60.1888046       31.1776924    
   60.3136787       31.1820641    
   60.4385490       31.1861820    
   60.5634232       31.1900520    
   60.6882973       31.1936741    
   60.8131714       31.1970463    
   60.9380455       31.2001686    
   61.0629196       31.2030411    
   61.1877899       31.2056580    
   61.3126640       31.2080307    
   61.4375381       31.2101536    
   61.5624123       31.2120285    
   61.6872864       31.2136517    
   61.8121605       31.2150249    
   61.9370346       31.2161503    
   62.0619049       31.2170200    
   62.1867790       31.2176437    
   62.3116531       31.2180176    
   62.4365273       31.2181435    
   62.5614014       31.2180195    
   62.6862755       31.2176456    
   62.8111458       31.2170162    
   62.9360199       31.2161427    
   63.0608940       31.2150173    
   63.1857681       31.2136440    
   63.3106422       31.2120209    
   63.4355164       31.2101479    
   63.5603867       31.2080231    
   63.6852608       31.2056503    
   63.8101349       31.2030296    
   63.9350090       31.2001572    
   64.0598831       31.1970329    
   64.1847534       31.1936569    
   64.3096313       31.1900406    
   64.4345016       31.1861649    
   64.5593796       31.1820488    
   64.6842499       31.1776772    
   64.8091202       31.1730537    
   64.9339981       31.1681862    
   65.0588684       31.1630592    
   65.1837463       31.1576958    
   65.3086166       31.1520729    
   65.4334946       31.1462059    
   65.5583649       31.1400833    
   65.6832352       31.1337128    
   65.8081131       31.1270981    
   65.9329834       31.1202240    
   66.0578613       31.1131096    
   66.1827316       31.1057396    
   66.3076096       31.0981255    
   66.4324799       31.0902557    
   66.5573502       31.0821381    
   66.6822281       31.0737762    
   66.8070984       31.0651550    
   66.9319763       31.0562897    
   67.0568466       31.0471725    
   67.1817245       31.0378113    
   67.3065948       31.0281906    
   67.4314651       31.0183220    
   67.5563431       31.0082130    
   67.6812134       30.9978447    
   67.8060913       30.9872322    
   67.9309616       30.9763641    
   68.0558319       30.9652481    
   68.1807098       30.9538879    
   68.3055801       30.9422722    
   68.4304581       30.9304123    
   68.5553284       30.9182968    
   68.6802063       30.9059372    
   68.8050766       30.8933182    
   68.9299469       30.8804550    
   69.0548248       30.8673477    
   69.1796951       30.8539810    
   69.3045731       30.8403740    
   69.4294434       30.8265114    
   69.5543213       30.8124046    
   69.6791916       30.7980385    
   69.8040619       30.7834244    
   69.9289398       30.7685661    
   70.0538101       30.7534523    
   70.1786880       30.7380981    
   70.3035583       30.7224846    
   70.4284286       30.7066231    
   70.5533066       30.6905174    
   70.6781769       30.6741562    
   70.8030548       30.6575508    
   70.9279251       30.6406898    
   71.0528030       30.6235847    
   71.1776733       30.6062241    
   71.3025436       30.5886154    
   71.4274216       30.5707626    
   71.5522919       30.5526505    
   71.6771698       30.5342979    
   71.8020401       30.5156860    
   71.9269180       30.4968338    
   72.0517883       30.4777260    
   72.1766586       30.4583664    
   72.3015366       30.4387665    
   72.4264069       30.4189072    
   72.5512848       30.3988075    
   72.6761551       30.3784447    
   72.8010330       30.3578453    
   72.9259033       30.3369904    
   73.0507736       30.3158798    
   73.1756516       30.2945328    
   73.3005219       30.2729263    
   73.4253998       30.2510757    
   73.5502701       30.2289696    
   73.6751404       30.2066116    
   73.8000183       30.1840134    
   73.9248886       30.1611595    
   74.0497665       30.1380615    
   74.1746368       30.1147079    
   74.2995148       30.0911102    
   74.4243851       30.0672531    
   74.5492554       30.0431519    
   74.6741333       30.0188026    
   74.7990036       29.9941978    
   74.9238815       29.9693527    
   75.0487518       29.9442482    
   75.1736298       29.9189034    
   75.2985001       29.8933029    
   75.4233704       29.8674507    
   75.5482483       29.8413506    
   75.6731186       29.8149986    
   75.7979965       29.7884064    
   75.9228668       29.7615547    
   76.0477448       29.7344627    
   76.1726151       29.7071114    
   76.2974854       29.6795082    
   76.4223633       29.6516685    
   76.5472336       29.6235657    
   76.6721115       29.5952225    
   76.7969818       29.5666237    
   76.9218521       29.5377731    
   77.0467300       29.5086823    
   77.1716003       29.4793320    
   77.2964783       29.4497414    
   77.4213486       29.4198952    
   77.5462265       29.3898010    
   77.6710968       29.3594513    
   77.7959671       29.3288536    
   77.9208450       29.2980156    
   78.0457153       29.2669182    
   78.1705933       29.2355804    
   78.2954636       29.2039833    
   78.4203415       29.1721420    
   78.5452118       29.1400452    
   78.6700821       29.1077003    
   78.7949600       29.0751114    
   78.9198303       29.0422668    
   79.0447083       29.0091782    
   79.1695786       28.9758339    
   79.2944565       28.9422455    
   79.4193268       28.9083977    
   79.5441971       28.8743057    
   79.6690750       28.8399696    
   79.7939453       28.8053741    
   79.9188232       28.7705383    
   80.0436935       28.7354469    
   80.1685638       28.7001038    
   80.2934418       28.6645203    
   80.4183121       28.6286736    
   80.5431900       28.5925903    
   80.6680603       28.5562477    
   80.7929382       28.5196648    
   80.9178085       28.4828186    
   81.0426788       28.4457321    
   81.1675568       28.4083939    
   81.2924271       28.3708076    
   81.4173050       28.3329735    
   81.5421753       28.2948837    
   81.6670532       28.2565498    
   81.7919235       28.2179565    
   81.9167938       28.1791191    
   82.0416718       28.1400375    
   82.1665421       28.1007004    
   82.2914200       28.0611153    
   82.4162903       28.0212822    
   82.5411682       27.9811974    
   82.6660385       27.9408646    
   82.7909088       27.9002724    
   82.9157867       27.8594398    
   83.0406570       27.8183556    
   83.1655350       27.7770233    
   83.2904053       27.7354393    
   83.4152756       27.6935997    
   83.5401535       27.6515274    
   83.6650238       27.6091881    
   83.7899017       27.5666046    
   83.9147720       27.5237732    
   84.0396500       27.4806938    
   84.1645203       27.4373627    
   84.2893906       27.3937721    
   84.4142685       27.3499489    
   84.5391388       27.3058624    
   84.6640167       27.2615395    
   84.7888870       27.2169533    
   84.9137650       27.1721268    
   85.0386353       27.1270447    
   85.1635056       27.0817108    
   85.2883835       27.0361366    
   85.4132538       26.9903030    
   85.5381317       26.9442329    
   85.6630020       26.8978958    
   85.7878723       26.8513107    
   85.9127502       26.8044930    
   86.0376205       26.7574081    
   86.1624985       26.7100868    
   86.2873688       26.6625023    
   86.4122467       26.6146851    
   86.5371170       26.5666008    
   86.6619873       26.5182686    
   86.7868652       26.4696999    
   86.9117355       26.4208679    
   87.0366135       26.3717995    
   87.1614838       26.3224678    
   87.2863617       26.2728996    
   87.4112320       26.2230682    
   87.5361023       26.1729927    
   87.6609802       26.1226692    
   87.7858505       26.0720901    
   87.9107285       26.0212746    
   88.0355988       25.9701920    
   88.1604767       25.9188766    
   88.2853470       25.8672981    
   88.4102173       25.8154755    
   88.5350952       25.7634010    
   88.6599655       25.7110748    
   88.7848434       25.6585083    
   88.9097137       25.6056824    
   89.0345840       25.5526085    
   89.1594620       25.4992905    
   89.2843323       25.4457169    
   89.4092102       25.3918991    
   89.5340805       25.3378220    
   89.6589584       25.2835083    
   89.7838287       25.2289276    
   89.9086990       25.1741104    
   90.0335770       25.1190414    
   90.1584473       25.0637207    
   90.2833252       25.0081558    
   90.4081955       24.9523392    
   90.5330734       24.8962708    
   90.6579437       24.8399429    
   90.7828140       24.7833786    
   90.9076920       24.7265549    
   91.0325623       24.6694946    
   91.1574402       24.6121750    
   91.2823105       24.5546112    
   91.4071884       24.4967880    
   91.5320587       24.4387207    
   91.6569290       24.3804016    
   91.7818069       24.3218384    
   91.9066772       24.2630234    
   92.0315552       24.2039566    
   92.1564255       24.1446381    
   92.2812958       24.0850677    
   92.4061737       24.0252533    
   92.5310440       23.9651947    
   92.6559219       23.9048767    
   92.7807922       23.8443146    
   92.9056702       23.7835007    
   93.0305405       23.7224350    
   93.1554108       23.6611176    
   93.2802887       23.5995636    
   93.4051590       23.5377426    
   93.5300369       23.4756775    
   93.6549072       23.4133682    
   93.7797852       23.3508072    
   93.9046555       23.2879944    
   94.0295258       23.2249298    
   94.1544037       23.1616211    
   94.2792740       23.0980530    
   94.4041519       23.0342484    
   94.5290222       22.9701843    
   94.6539001       22.9058762    
   94.7787704       22.8413162    
   94.9036407       22.7764969    
   95.0285187       22.7114487    
   95.1533890       22.6461334    
   95.2782669       22.5805740    
   95.4031372       22.5147629    
   95.5280075       22.4487000    
   95.6528854       22.3824005    
   95.7777557       22.3158340    
   95.9026337       22.2490311    
   96.0275040       22.1819687    
   96.1523819       22.1146698    
   96.2772522       22.0471039    
   96.4021225       21.9792938    
   96.5270004       21.9112473    
   96.6518707       21.8429337    
   96.7767487       21.7743835    
   96.9016190       21.7055740    
   97.0264969       21.6365204    
   97.1513672       21.5672073    
   97.2762375       21.4976501    
   97.4011154       21.4278488    
   97.5259857       21.3577881    
   97.6508636       21.2874908    
   97.7757339       21.2169342    
   97.9006119       21.1461411    
   98.0254822       21.0750809    
   98.1503525       21.0037689    
   98.2752304       20.9322205    
   98.4001007       20.8604126    
   98.5249786       20.7883682    
   98.6498489       20.7160568    
   98.7747192       20.6435089    
   98.8995972       20.5707092    
   99.0244675       20.4976578    
   99.1493301       20.4243546    
   99.2742004       20.3508072    
   99.3990631       20.2770081    
   99.5239334       20.2029648    
   99.6488037       20.1286697    
   99.7736664       20.0541153    
   99.8985367       19.9793167    
   100.023407       19.9042816    
   100.148270       19.8289795    
   100.273140       19.7534409    
   100.398010       19.6776428    
   100.522873       19.6015930    
   100.647743       19.5252991    
   100.772614       19.4487610    
   100.897476       19.3719635    
   101.022346       19.2949219    
   101.147217       19.2176285    
   101.272079       19.1400757    
   101.396950       19.0622864    
   101.521820       18.9842453    
   101.646683       18.9059448    
   101.771553       18.8274078    
   101.896416       18.7486115    
   102.021286       18.6695709    
   102.146156       18.5902786    
   102.271019       18.5107346    
   102.395889       18.4309464    
   102.520760       18.3509064    
   102.645622       18.2706146    
   102.770493       18.1900787    
   102.895363       18.1092911    
   103.020226       18.0282440    
   103.145096       17.9469604    
   103.269966       17.8654251    
   103.394829       17.7836304    
   103.519699       17.7015915    
   103.644569       17.6193085    
   103.769432       17.5367661    
   103.894302       17.4539795    
   104.019173       17.3709412    
   104.144035       17.2876511    
   104.268906       17.2041168    
   104.393768       17.1203232    
   104.518639       17.0362854    
   104.643509       16.9520035    
   104.768372       16.8674622    
   104.893242       16.7826767    
   105.018112       16.6976471    
   105.142975       16.6123657    
   105.267845       16.5268326    
   105.392715       16.4410477    
   105.517578       16.3550110    
   105.642448       16.2687302    
   105.767319       16.1821976    
   105.892181       16.0954056    
   106.017052       16.0083771    
   106.141922       15.9210968    
   106.266785       15.8335571    
   106.391655       15.7457809    
   106.516518       15.6577377    
   106.641388       15.5694580    
   106.766258       15.4809341    
   106.891121       15.3921432    
   107.015991       15.3031158    
   107.140862       15.2138367    
   107.265724       15.1242981    
   107.390594       15.0345230    
   107.515465       14.9444962    
   107.640327       14.8542099    
   107.765198       14.7636948    
   107.890068       14.6729126    
   108.014931       14.5818787    
   108.139801       14.4906082    
   108.264671       14.3990784    
   108.389534       14.3072968    
   108.514404       14.2152710    
   108.639275       14.1229935    
   108.764137       14.0304642    
   108.889008       13.9376907    
   109.013870       13.8446579    
   109.138741       13.7513809    
   109.263611       13.6578598    
   109.388474       13.5640793    
   109.513344       13.4700546    
   109.638214       13.3757782    
   109.763077       13.2812500    
   109.887947       13.1864777    
   110.012817       13.0914536    
   110.137680       12.9961777    
   110.262550       12.9006577    
   110.387421       12.8048935    
   110.512283       12.7088623    
   110.637154       12.6125946    
   110.762024       12.5160751    
   110.886887       12.4192963    
   111.011757       12.3222733    
   111.136627       12.2250061    
   111.261490       12.1274796    
   111.386360       12.0297089    
   111.511223       11.9316788    
   111.636093       11.8334122    
   111.760963       11.7348938    
   111.885826       11.6361160    
   112.010696       11.5371017    
   112.135567       11.4378357    
   112.260429       11.3383102    
   112.385300       11.2385406    
   112.510170       11.1385269    
   112.635033       11.0382538    
   112.759903       10.9377365    
   112.884773       10.8369675    
   113.009636       10.7359543    
   113.134506       10.6346893    
   113.259377       10.5331726    
   113.384239       10.4314041    
   113.509109       10.3293839    
   113.633980       10.2271271    
   113.758842       10.1246033    
   113.883713       10.0218353    
   114.008575       9.91881561    
   114.133446       9.81555176    
   114.258316       9.71204376    
   114.383179       9.60826874    
   114.508049       9.50425720    
   114.632919       9.39999390    
   114.757782       9.29547882    
   114.882652       9.19071960    
   115.007523       9.08570099    
   115.132385       8.98043823    
   115.257256       8.87492371    
   115.382126       8.76916504    
   115.506989       8.66315460    
   115.631859       8.55690002    
   115.756729       8.45038605    
   115.881592       8.34362030    
   116.006462       8.23661041    
   116.131325       8.12934113    
   116.256195       8.02183533    
   116.381065       7.91407776    
   116.505928       7.80606079    
   116.630798       7.69780731    
   116.755669       7.58929443    
   116.880531       7.48052979    
   117.005402       7.37152863    
   117.130272       7.26226807    
   117.255135       7.15275574    
   117.380005       7.04299927    
   117.504875       6.93299103    
   117.629738       6.82273102    
   117.754608       6.71222687    
   117.879478       6.60147095    
   118.004341       6.49045563    
   118.129211       6.37921143    
   118.254082       6.26770782    
   118.378944       6.15594482    
   118.503815       6.04394531    
   118.628677       5.93168640    
   118.753548       5.81918335    
   118.878418       5.70642853    
   119.003281       5.59341431    
   119.128151       5.48016357    
   119.253021       5.36666107    
   119.377884       5.25290680    
   119.502754       5.13890076    
   119.627625       5.02465057    
   119.752487       4.91014099    
   119.877357       4.79539490    
   120.002228       4.68038940    
   120.127090       4.56513214    
   120.251961       4.44963837    
   120.376831       4.33388519    
   120.501694       4.21788025    
   120.626564       4.10163116    
   120.751434       3.98513794    
   120.876297       3.86838531    
   121.001167       3.75138855    
   121.126030       3.63413239    
   121.250900       3.51663208    
   121.375771       3.39888763    
   121.500633       3.28088379    
   121.625504       3.16263580    
   121.750374       3.04414368    
   121.875237       2.92538452    
   122.000107       2.80638885    
   122.124977       2.68714142    
   122.249840       2.56764221    
   122.374710       2.44789886    
   122.499580       2.32790375    
   122.624443       2.20764923    
   122.749313       2.08715820    
   122.874184       1.96641541    
   122.999046       1.84541321    
   123.123917       1.72416687    
   123.248787       1.60267639    
   123.373650       1.48093414    
   123.498520       1.35894012    
   123.623383       1.23669434    
   123.748253       1.11419678    
   123.873123      0.991455078    
   123.997986      0.868461609    
   124.122856      0.745216370    
   124.247726      0.621726990    
   124.372589      0.497978210    
   124.497459      0.373985291    
   124.622330      0.249748230    
   124.747192      0.125251770    
